time_minutes,eda_microsiemens
0.0,0.826725
0.004168982768204558,0.825444
0.008337965536409116,0.824163
0.012506948304613675,0.822881
0.016675931072818232,0.822881
0.02084491384102279,0.826725
0.02501389660922735,0.822881
0.029182879377431907,0.822881
0.033351862145636464,0.8216
0.03752084491384102,0.822881
0.04168982768204558,0.820319
0.045858810450250136,0.819037
0.0500277932184547,0.819037
0.05419677598665926,0.819037
0.058365758754863814,0.817756
0.06253474152306837,0.815193
0.06670372429127293,0.813912
0.07087270705947749,0.815193
0.07504168982768204,0.813912
0.0792106725958866,0.811349
0.08337965536409116,0.815193
0.08754863813229571,0.812631
0.09171762090050027,0.813912
0.09588660366870483,0.811349
0.1000555864369094,0.810068
0.10422456920511396,0.808787
0.10839355197331851,0.810068
0.11256253474152307,0.807505
0.11673151750972763,0.808787
0.12090050027793219,0.808787
0.12506948304613674,0.806224
0.12923846581434129,0.806224
0.13340744858254586,0.806224
0.13757643135075043,0.806224
0.14174541411895497,0.803661
0.14591439688715954,0.804943
0.15008337965536409,0.803661
0.15425236242356866,0.624275
0.1584213451917732,0.443607
0.16259032795997777,0.724219
0.16675931072818231,0.799817
0.17092829349638688,0.798536
0.17509727626459143,0.795973
0.179266259032796,0.740876
0.18343524180100054,0.797255
0.1876042245692051,0.769065
0.19177320733740966,0.75369
0.19594219010561423,0.370572
0.2001111728738188,0.775472
0.20428015564202334,0.76394
0.2084491384102279,0.771628
0.21261812117843246,0.780598
0.21678710394663703,0.758815
0.22095608671484157,0.461546
0.22512506948304614,0.7255
0.22929405225125069,0.78316
0.23346303501945526,0.785723
0.2376320177876598,0.787004
0.24180100055586437,0.788285
0.2459699833240689,0.780598
0.2501389660922735,0.774191
0.25430794886047803,0.787004
0.25847693162868257,0.785723
0.26264591439688717,0.785723
0.2668148971650917,0.713968
0.27098387993329626,0.521769
0.27515286270150086,0.698592
0.2793218454697054,0.779316
0.28349082823790994,0.778035
0.2876598110061145,0.779316
0.2918287937743191,0.780598
0.2959977765425236,0.778035
0.30016675931072817,0.778035
0.3043357420789327,0.778035
0.3085047248471373,0.779316
0.31267370761534186,0.778035
0.3168426903835464,0.776753
0.32101167315175094,0.776753
0.32518065591995554,0.778035
0.3293496386881601,0.776753
0.33351862145636463,0.775472
0.3376876042245692,0.775472
0.34185658699277377,0.776753
0.3460255697609783,0.77291
0.35019455252918286,0.774191
0.35436353529738746,0.775472
0.358532518065592,0.774191
0.36270150083379654,0.77291
0.3668704836020011,0.770347
0.3710394663702057,0.770347
0.3752084491384102,0.77291
0.37937743190661477,0.767784
0.3835464146748193,0.747283
0.3877153974430239,0.661434
0.39188438021122846,0.766503
0.396053362979433,0.765222
0.4002223457476376,0.766503
0.40439132851584214,0.765222
0.4085603112840467,0.761378
0.4127292940522512,0.767784
0.4168982768204558,0.76394
0.42106725958866037,0.762659
0.4252362423568649,0.76394
0.42940522512506946,0.761378
0.43357420789327406,0.76394
0.4377431906614786,0.760096
0.44191217342968314,0.760096
0.4460811561978877,0.761378
0.4502501389660923,0.760096
0.4544191217342968,0.760096
0.45858810450250137,0.757534
0.4627570872707059,0.757534
0.4669260700389105,0.758815
0.47109505280711506,0.756252
0.4752640355753196,0.754971
0.4794330183435242,0.756252
0.48360200111172874,0.754971
0.4877709838799333,0.75369
0.4919399666481378,0.75369
0.4961089494163424,0.75369
0.500277932184547,0.752408
0.5044469149527515,0.752408
0.5086158977209561,0.752408
0.5127848804891606,0.749846
0.5169538632573651,0.751127
0.5211228460255698,0.749846
0.5252918287937743,0.747283
0.5294608115619789,0.747283
0.5336297943301834,0.728063
0.537798777098388,0.743439
0.5419677598665925,0.748564
0.5461367426347971,0.74472
0.5503057254030017,0.733188
0.5544747081712063,0.74472
0.5586436909394108,0.742158
0.5628126737076153,0.742158
0.5669816564758199,0.742158
0.5711506392440244,0.742158
0.575319622012229,0.739595
0.5794886047804335,0.740876
0.5836575875486382,0.738314
0.5878265703168427,0.738314
0.5919955530850473,0.739595
0.5961645358532518,0.738314
0.6003335186214563,0.739595
0.6045025013896609,0.737032
0.6086714841578654,0.737032
0.6128404669260701,0.73447
0.6170094496942746,0.73447
0.6211784324624792,0.733188
0.6253474152306837,0.73447
0.6295163979988883,0.730626
0.6336853807670928,0.733188
0.6378543635352973,0.728063
0.6420233463035019,0.731907
0.6461923290717065,0.729344
0.6503613118399111,0.728063
0.6545302946081156,0.729344
0.6586992773763202,0.729344
0.6628682601445247,0.726782
0.6670372429127293,0.729344
0.6712062256809338,0.352633
0.6753752084491385,0.7255
0.679544191217343,0.726782
0.6837131739855475,0.726782
0.6878821567537521,0.728063
0.6920511395219566,0.7255
0.6962201222901612,0.7255
0.7003891050583657,0.7255
0.7045580878265703,0.724219
0.7087270705947749,0.724219
0.7128960533629795,0.722938
0.717065036131184,0.721656
0.7212340188993885,0.721656
0.7254030016675931,0.721656
0.7295719844357976,0.721656
0.7337409672040022,0.720375
0.7379099499722068,0.720375
0.7420789327404114,0.720375
0.7462479155086159,0.719094
0.7504168982768205,0.719094
0.754585881045025,0.719094
0.7587548638132295,0.716531
0.7629238465814341,0.717812
0.7670928293496386,0.717812
0.7712618121178433,0.474359
0.7754307948860478,0.716531
0.7795997776542524,0.716531
0.7837687604224569,0.713968
0.7879377431906615,0.71525
0.792106725958866,0.712687
0.7962757087270705,0.712687
0.8004446914952752,0.711406
0.8046136742634797,0.712687
0.8087826570316843,0.712687
0.8129516397998888,0.710124
0.8171206225680934,0.712687
0.8212896053362979,0.711406
0.8254585881045025,0.711406
0.829627570872707,0.711406
0.8337965536409117,0.708843
0.8379655364091162,0.710124
0.8421345191773207,0.710124
0.8463035019455253,0.710124
0.8504724847137298,0.708843
0.8546414674819344,0.708843
0.8588104502501389,0.707562
0.8629794330183435,0.710124
0.8671484157865481,0.70628
0.8713173985547527,0.707562
0.8754863813229572,0.70628
0.8796553640911617,0.70628
0.8838243468593663,0.704999
0.8879933296275708,0.70628
0.8921623123957754,0.703718
0.89633129516398,0.704999
0.9005002779321846,0.703718
0.9046692607003891,0.702436
0.9088382434685937,0.703718
0.9130072262367982,0.699874
0.9171762090050027,0.701155
0.9213451917732073,0.701155
0.9255141745414118,0.702436
0.9296831573096165,0.699874
0.933852140077821,0.699874
0.9380211228460256,0.699874
0.9421901056142301,0.699874
0.9463590883824347,0.699874
0.9505280711506392,0.698592
0.9546970539188437,0.697311
0.9588660366870484,0.697311
0.9630350194552529,0.697311
0.9672040022234575,0.697311
0.971372984991662,0.697311
0.9755419677598666,0.694748
0.9797109505280711,0.694748
0.9838799332962757,0.689623
0.9880489160644802,0.230906
0.9922178988326849,0.675528
0.9963868816008894,0.693467
1.000555864369094,0.692186
1.0047248471372985,0.690904
1.008893829905503,0.690904
1.0130628126737076,0.084835
1.0172317954419121,0.187341
1.0214007782101167,0.661434
1.0255697609783212,0.690904
1.0297387437465257,0.689623
1.0339077265147303,0.689623
1.038076709282935,0.689623
1.0422456920511396,0.688342
1.0464146748193441,0.689623
1.0505836575875487,0.688342
1.0547526403557532,0.685779
1.0589216231239578,0.685779
1.0630906058921623,0.685779
1.0672595886603669,0.684498
1.0714285714285714,0.683216
1.075597554196776,0.685779
1.0797665369649805,0.683216
1.083935519733185,0.684498
1.0881045025013896,0.684498
1.0922734852695941,0.684498
1.0964424680377987,0.681935
1.1006114508060034,0.680654
1.104780433574208,0.680654
1.1089494163424125,0.681935
1.113118399110617,0.680654
1.1172873818788216,0.680654
1.1214563646470261,0.678091
1.1256253474152307,0.679372
1.1297943301834352,0.679372
1.1339633129516398,0.679372
1.1381322957198443,0.679372
1.1423012784880489,0.67681
1.1464702612562534,0.67681
1.150639244024458,0.675528
1.1548082267926625,0.678091
1.158977209560867,0.672966
1.1631461923290718,0.675528
1.1673151750972763,0.672966
1.1714841578654809,0.675528
1.1756531406336854,0.675528
1.17982212340189,0.672966
1.1839911061700945,0.675528
1.188160088938299,0.672966
1.1923290717065036,0.674247
1.1964980544747081,0.672966
1.2006670372429127,0.672966
1.2048360200111172,0.669122
1.2090050027793218,0.671684
1.2131739855475263,0.670403
1.2173429683157309,0.671684
1.2215119510839354,0.670403
1.2256809338521402,0.670403
1.2298499166203447,0.669122
1.2340188993885493,0.669122
1.2381878821567538,0.669122
1.2423568649249583,0.665278
1.2465258476931629,0.666559
1.2506948304613674,0.665278
1.254863813229572,0.666559
1.2590327959977765,0.666559
1.263201778765981,0.665278
1.2673707615341856,0.666559
1.2715397443023901,0.665278
1.2757087270705947,0.665278
1.2798777098387992,0.663996
1.2840466926070038,0.665278
1.2882156753752085,0.662715
1.292384658143413,0.662715
1.2965536409116176,0.651183
1.3007226236798222,0.649902
1.3048916064480267,0.644776
1.3090605892162313,0.643495
1.3132295719844358,0.64862
1.3173985547526403,0.652464
1.3215675375208449,0.655027
1.3257365202890494,0.65759
1.329905503057254,0.624275
1.3340744858254585,0.634526
1.338243468593663,0.52305
1.3424124513618676,0.64862
1.3465814341300721,0.660152
1.350750416898277,0.658871
1.3549193996664814,0.488454
1.359088382434686,0.0
1.3632573652028905,0.034596
1.367426347971095,0.609914
1.3715953307392996,0.248578
1.3757643135075042,0.017939
1.3799332962757087,0.360054
1.3841022790439133,0.089693
1.3882712618121178,0.310082
1.3924402445803223,0.023064
1.3966092273485269,0.053816
1.4007782101167314,0.178105
1.404947192884936,0.768799
1.4091161756531405,1.05224
1.4132851584213453,0.392423
1.4174541411895498,0.14762
1.4216231239577544,0.239876
1.425792106725959,0.25397
1.4299610894941635,0.558927
1.434130072262368,0.646058
1.4382990550305725,0.647339
1.442468037798777,0.647339
1.4466370205669816,0.64862
1.4508060033351862,0.647339
1.4549749861033907,0.646058
1.4591439688715953,0.646058
1.4633129516397998,0.646058
1.4674819344080043,0.647339
1.4716509171762089,0.647339
1.4758198999444136,0.643495
1.4799888827126182,0.644776
1.4841578654808227,0.646058
1.4883268482490273,0.643495
1.4924958310172318,0.644776
1.4966648137854364,0.644776
1.500833796553641,0.642214
1.5050027793218455,0.644776
1.50917176209005,0.643495
1.5133407448582545,0.642214
1.517509727626459,0.596086
1.5216787103946636,0.642214
1.5258476931628682,0.640932
1.5300166759310727,0.642214
1.5341856586992773,0.639651
1.538354641467482,0.639651
1.5425236242356866,0.639651
1.546692607003891,0.640932
1.5508615897720957,0.63837
1.5550305725403002,0.63837
1.5591995553085047,0.63837
1.5633685380767093,0.637088
1.5675375208449138,0.63837
1.5717065036131184,0.637088
1.575875486381323,0.637088
1.5800444691495275,0.635807
1.584213451917732,0.637088
1.5883824346859365,0.637088
1.592551417454141,0.635807
1.5967204002223456,0.634526
1.6008893829905504,0.635807
1.605058365758755,0.634526
1.6092273485269595,0.634526
1.613396331295164,0.634526
1.6175653140633686,0.631963
1.621734296831573,0.633244
1.6259032795997777,0.630682
1.6300722623679822,0.631963
1.6342412451361867,0.631963
1.6384102279043913,0.631963
1.6425792106725958,0.631963
1.6467481934408004,0.630682
1.650917176209005,0.628119
1.6550861589772095,0.6294
1.659255141745414,0.6294
1.6634241245136185,0.630682
1.6675931072818233,0.630682
1.6717620900500278,0.628119
1.6759310728182324,0.628119
1.680100055586437,0.628119
1.6842690383546415,0.628119
1.688438021122846,0.6294
1.6926070038910506,0.624275
1.696775986659255,0.482047
1.7009449694274597,0.624275
1.7051139521956642,0.625556
1.7092829349638687,0.624275
1.7134519177320733,0.626838
1.7176209005002778,0.624275
1.7217898832684824,0.624275
1.725958866036687,0.624275
1.7301278488048917,0.622994
1.7342968315730962,0.621712
1.7384658143413008,0.621712
1.7426347971095053,0.620431
1.7468037798777099,0.620431
1.7509727626459144,0.621712
1.755141745414119,0.621712
1.7593107281823235,0.61915
1.763479710950528,0.61915
1.7676486937187326,0.61915
1.771817676486937,0.61915
1.7759866592551417,0.61915
1.7801556420233462,0.616587
1.7843246247915507,0.617868
1.7884936075597553,0.617868
1.79266259032796,0.616587
1.7968315730961646,0.616587
1.8010005558643691,0.615306
1.8051695386325737,0.616587
1.8093385214007782,0.614024
1.8135075041689828,0.616587
1.8176764869371873,0.612743
1.8218454697053919,0.033581
1.8260144524735964,0.201436
1.830183435241801,0.612743
1.8343524180100055,0.615306
1.83852140077821,0.612743
1.8426903835464146,0.614024
1.846859366314619,0.612743
1.8510283490828237,0.612743
1.8551973318510284,0.612743
1.859366314619233,0.575585
1.8635352973874375,0.612743
1.867704280155642,0.611462
1.8718732629238466,0.611462
1.8760422456920511,0.608899
1.8802112284602557,0.298817
1.8843802112284602,0.607618
1.8885491939966648,0.61018
1.8927181767648693,0.608899
1.8968871595330739,0.608899
1.9010561423012784,0.608899
1.905225125069483,0.607618
1.9093941078376875,0.608899
1.913563090605892,0.606336
1.9177320733740968,0.607618
1.9219010561423013,0.606336
1.9260700389105059,0.608899
1.9302390216787104,0.605055
1.934408004446915,0.605055
1.9385769872151195,0.603774
1.942745969983324,0.605055
1.9469149527515286,0.605055
1.9510839355197331,0.605055
1.9552529182879377,0.603774
1.9594219010561422,0.603774
1.9635908838243468,0.605055
1.9677598665925513,0.602492
1.9719288493607559,0.605055
1.9760978321289604,0.602492
1.9802668148971652,0.602492
1.9844357976653697,0.602492
1.9886047804335742,0.603774
1.9927737632017788,0.602492
1.9969427459699833,0.602492
2.001111728738188,0.59993
2.0052807115063924,0.59993
2.009449694274597,0.602492
2.0136186770428015,0.598648
2.017787659811006,0.601211
2.0219566425792106,0.598648
2.026125625347415,0.598648
2.0302946081156197,0.597367
2.0344635908838242,0.597367
2.0386325736520288,0.596086
2.0428015564202333,0.596086
2.046970539188438,0.597367
2.0511395219566424,0.596086
2.055308504724847,0.594804
2.0594774874930515,0.594804
2.063646470261256,0.596086
2.0678154530294606,0.593523
2.0719844357976656,0.593523
2.07615341856587,0.594804
2.0803224013340746,0.593523
2.084491384102279,0.593523
2.0886603668704837,0.593523
2.0928293496386883,0.593523
2.096998332406893,0.593523
2.1011673151750974,0.592242
2.105336297943302,0.590961
2.1095052807115064,0.592242
2.113674263479711,0.589679
2.1178432462479155,0.590961
2.12201222901612,0.589679
2.1261812117843246,0.589679
2.130350194552529,0.590961
2.1345191773207337,0.589679
2.1386881600889383,0.589679
2.142857142857143,0.588398
2.1470261256253473,0.590961
2.151195108393552,0.592242
2.1553640911617564,0.588398
2.159533073929961,0.587116
2.1637020566981655,0.588398
2.16787103946637,0.587116
2.1720400222345746,0.588398
2.176209005002779,0.588398
2.1803779877709837,0.585835
2.1845469705391882,0.589679
2.1887159533073928,0.585835
2.1928849360755973,0.588398
2.197053918843802,0.585835
2.201222901612007,0.585835
2.2053918843802114,0.583273
2.209560867148416,0.584554
2.2137298499166205,0.583273
2.217898832684825,0.583273
2.2220678154530296,0.584554
2.226236798221234,0.58071
2.2304057809894386,0.581991
2.234574763757643,0.581991
2.2387437465258477,0.581991
2.2429127292940523,0.581991
2.247081712062257,0.581991
2.2512506948304614,0.58071
2.255419677598666,0.58071
2.2595886603668704,0.58071
2.263757643135075,0.579428
2.2679266259032795,0.579428
2.272095608671484,0.579428
2.2762645914396886,0.579428
2.280433574207893,0.578147
2.2846025569760977,0.58071
2.2887715397443023,0.579428
2.292940522512507,0.578147
2.2971095052807113,0.578147
2.301278488048916,0.576866
2.3054474708171204,0.576866
2.309616453585325,0.574303
2.3137854363535295,0.576866
2.317954419121734,0.576866
2.3221234018899386,0.574303
2.3262923846581436,0.575585
2.330461367426348,0.576866
2.3346303501945527,0.575585
2.338799332962757,0.575585
2.3429683157309618,0.573022
2.3471372984991663,0.573022
2.351306281267371,0.574303
2.3554752640355754,0.574303
2.35964424680378,0.574303
2.3638132295719845,0.574303
2.367982212340189,0.571741
2.3721511951083936,0.573022
2.376320177876598,0.573022
2.3804891606448026,0.544833
2.384658143413007,0.517925
2.3888271261812117,0.573022
2.3929961089494163,0.571741
2.397165091717621,0.570459
2.4013340744858254,0.573022
2.40550305725403,0.567897
2.4096720400222345,0.570459
2.413841022790439,0.424387
2.4180100055586435,0.569178
2.422178988326848,0.570459
2.4263479710950526,0.567897
2.430516953863257,0.570459
2.4346859366314617,0.569178
2.4388549193996663,0.569178
2.443023902167871,0.567897
2.4471928849360753,0.566615
2.4513618677042803,0.566615
2.455530850472485,0.567897
2.4596998332406894,0.565334
2.463868816008894,0.565334
2.4680377987770985,0.566615
2.472206781545303,0.565334
2.4763757643135076,0.566615
2.480544747081712,0.564053
2.4847137298499167,0.562771
2.488882712618121,0.565334
2.4930516953863258,0.562771
2.4972206781545303,0.565334
2.501389660922735,0.564053
2.5055586436909394,0.564053
2.509727626459144,0.56149
2.5138966092273485,0.562771
2.518065591995553,0.56149
2.5222345747637576,0.562771
2.526403557531962,0.560209
2.5305725403001667,0.562771
2.534741523068371,0.560209
2.5389105058365757,0.560209
2.5430794886047803,0.558927
2.547248471372985,0.558927
2.5514174541411894,0.557646
2.555586436909394,0.558927
2.5597554196775985,0.558927
2.563924402445803,0.558927
2.5680933852140075,0.557646
2.572262367982212,0.558927
2.576431350750417,0.556365
2.5806003335186216,0.558927
2.584769316286826,0.556365
2.5889382990550307,0.556365
2.5931072818232352,0.557646
2.59727626459144,0.555083
2.6014452473596443,0.557646
2.605614230127849,0.556365
2.6097832128960534,0.556365
2.613952195664258,0.553802
2.6181211784324625,0.553802
2.622290161200667,0.555083
2.6264591439688716,0.555083
2.630628126737076,0.555083
2.6347971095052807,0.555083
2.638966092273485,0.555083
2.6431350750416898,0.552521
2.6473040578098943,0.551239
2.651473040578099,0.552521
2.6556420233463034,0.552521
2.659811006114508,0.551239
2.6639799888827125,0.551239
2.668148971650917,0.552521
2.6723179544191216,0.551239
2.676486937187326,0.552521
2.6806559199555307,0.551239
2.684824902723735,0.552521
2.6889938854919397,0.552521
2.6931628682601443,0.549958
2.697331851028349,0.551239
2.701500833796554,0.549958
2.7056698165647584,0.551239
2.709838799332963,0.549958
2.7140077821011674,0.551239
2.718176764869372,0.548677
2.7223457476375765,0.549958
2.726514730405781,0.549958
2.7306837131739856,0.548677
2.73485269594219,0.549958
2.7390216787103947,0.549958
2.7431906614785992,0.543551
2.747359644246804,0.52305
2.7515286270150083,0.547395
2.755697609783213,0.546114
2.7598665925514174,0.547395
2.764035575319622,0.540989
2.7682045580878265,0.546114
2.772373540856031,0.547395
2.7765425236242356,0.546114
2.78071150639244,0.548677
2.7848804891606447,0.544833
2.789049471928849,0.547395
2.7932184546970538,0.546114
2.7973874374652583,0.544833
2.801556420233463,0.543551
2.8057254030016674,0.544833
2.809894385769872,0.543551
2.8140633685380765,0.543551
2.818232351306281,0.543551
2.8224013340744856,0.543551
2.8265703168426906,0.540989
2.830739299610895,0.543551
2.8349082823790996,0.543551
2.839077265147304,0.546114
2.8432462479155087,0.543551
2.8474152306837133,0.543551
2.851584213451918,0.543551
2.8557531962201224,0.540989
2.859922178988327,0.543551
2.8640911617565314,0.54227
2.868260144524736,0.540989
2.8724291272929405,0.539707
2.876598110061145,0.54227
2.8807670928293496,0.540989
2.884936075597554,0.54227
2.8891050583657587,0.539707
2.8932740411339632,0.539707
2.897443023902168,0.539707
2.9016120066703723,0.540989
2.905780989438577,0.540989
2.9099499722067814,0.540989
2.914118954974986,0.543551
2.9182879377431905,0.54227
2.922456920511395,0.543551
2.9266259032795996,0.54227
2.930794886047804,0.543551
2.9349638688160087,0.543551
2.9391328515842132,0.54227
2.9433018343524178,0.544833
2.9474708171206223,0.543551
2.9516397998888273,0.543551
2.955808782657032,0.544833
2.9599777654252364,0.546114
2.964146748193441,0.543551
2.9683157309616455,0.543551
2.97248471372985,0.540989
2.9766536964980546,0.544833
2.980822679266259,0.543551
2.9849916620344636,0.539707
2.989160644802668,0.54227
2.9933296275708727,0.540989
2.9974986103390773,0.54227
3.001667593107282,0.539707
3.0058365758754864,0.538426
3.010005558643691,0.539707
3.0141745414118954,0.537145
3.0183435241801,0.539707
3.0225125069483045,0.539707
3.026681489716509,0.539707
3.0308504724847136,0.537145
3.035019455252918,0.537145
3.0391884380211227,0.535863
3.0433574207893273,0.534582
3.047526403557532,0.533301
3.0516953863257363,0.537145
3.055864369093941,0.535863
3.0600333518621454,0.534582
3.06420233463035,0.535863
3.0683713173985545,0.533301
3.072540300166759,0.533301
3.076709282934964,0.530738
3.0808782657031686,0.532019
3.085047248471373,0.530738
3.0892162312395777,0.530738
3.093385214007782,0.533301
3.0975541967759868,0.530738
3.1017231795441913,0.532019
3.105892162312396,0.530738
3.1100611450806004,0.532019
3.114230127848805,0.528175
3.1183991106170095,0.528175
3.122568093385214,0.530738
3.1267370761534186,0.528175
3.130906058921623,0.529457
3.1350750416898276,0.52305
3.139244024458032,0.528175
3.1434130072262367,0.528175
3.1475819899944413,0.528175
3.151750972762646,0.529457
3.1559199555308504,0.528175
3.160088938299055,0.528175
3.1642579210672594,0.525613
3.168426903835464,0.525613
3.1725958866036685,0.525613
3.176764869371873,0.526894
3.1809338521400776,0.526894
3.185102834908282,0.525613
3.1892718176764867,0.526894
3.1934408004446913,0.526894
3.197609783212896,0.524331
3.201778765981101,0.524331
3.2059477487493053,0.525613
3.21011673151751,0.524331
3.2142857142857144,0.524331
3.218454697053919,0.524331
3.2226236798221235,0.524331
3.226792662590328,0.521769
3.2309616453585326,0.524331
3.235130628126737,0.521769
3.2392996108949417,0.52305
3.243468593663146,0.52305
3.2476375764313508,0.521769
3.2518065591995553,0.524331
3.25597554196776,0.521769
3.2601445247359644,0.520487
3.264313507504169,0.519206
3.2684824902723735,0.520487
3.272651473040578,0.521769
3.2768204558087826,0.519206
3.280989438576987,0.52305
3.2851584213451916,0.519206
3.289327404113396,0.517925
3.2934963868816007,0.519206
3.2976653696498053,0.519206
3.30183435241801,0.516643
3.3060033351862144,0.519206
3.310172317954419,0.519206
3.3143413007226235,0.516643
3.318510283490828,0.517925
3.3226792662590325,0.516643
3.326848249027237,0.516643
3.331017231795442,0.516643
3.3351862145636466,0.519206
3.339355197331851,0.517925
3.3435241801000557,0.516643
3.3476931628682602,0.519206
3.351862145636465,0.514081
3.3560311284046693,0.520487
3.360200111172874,0.516643
3.3643690939410784,0.516643
3.368538076709283,0.516643
3.3727070594774875,0.510237
3.376876042245692,0.514081
3.3810450250138966,0.516643
3.385214007782101,0.515362
3.3893829905503057,0.514081
3.39355197331851,0.515362
3.3977209560867148,0.512799
3.4018899388549193,0.511518
3.406058921623124,0.515362
3.4102279043913284,0.516643
3.414396887159533,0.519206
3.4185658699277375,0.517925
3.422734852695942,0.519206
3.4269038354641466,0.516643
3.431072818232351,0.519206
3.4352418010005557,0.507674
3.43941078376876,0.519206
3.4435797665369647,0.520487
3.4477487493051693,0.521769
3.451917732073374,0.520487
3.456086714841579,0.348789
3.4602556976097834,0.482047
3.464424680377988,0.52305
3.4685936631461924,0.532019
3.472762645914397,0.26294
3.4769316286826015,0.491017
3.481100611450806,0.514081
3.4852695942190106,0.544833
3.489438576987215,0.549958
3.4936075597554197,0.441045
3.4977765425236242,0.0
3.501945525291829,0.516376
3.5061145080600333,0.63554
3.510283490828238,0.667573
3.5144524735964424,0.666559
3.518621456364647,0.553802
3.5227904391328515,0.552521
3.526959421901056,0.552521
3.5311284046692606,0.549958
3.535297387437465,0.546114
3.5394663702056697,0.540989
3.543635352973874,0.54227
3.5478043357420788,0.544833
3.5519733185102833,0.544833
3.556142301278488,0.543551
3.5603112840466924,0.544833
3.564480266814897,0.544833
3.5686492495831015,0.544833
3.572818232351306,0.54227
3.5769872151195106,0.544833
3.5811561978877156,0.544833
3.58532518065592,0.540989
3.5894941634241246,0.54227
3.593663146192329,0.54227
3.5978321289605337,0.540989
3.6020011117287383,0.543551
3.606170094496943,0.544833
3.6103390772651474,0.546114
3.614508060033352,0.547395
3.6186770428015564,0.551239
3.622846025569761,0.553802
3.6270150083379655,0.562771
3.63118399110617,0.564053
3.6353529738743746,0.566615
3.639521956642579,0.566615
3.6436909394107837,0.246282
3.6478599221789882,0.0
3.652028904947193,0.376711
3.6561978877153973,0.328021
3.660366870483602,0.699607
3.6645358532518064,0.689623
3.668704836020011,0.587116
3.6728738187882155,0.59993
3.67704280155642,0.0
3.6812117843246246,0.085849
3.685380767092829,0.131977
3.6895497498610337,0.010251
3.693718732629238,0.056379
3.6978877153974428,0.061504
3.7020566981656473,0.713701
3.7062256809338523,0.857477
3.710394663702057,0.633244
3.7145636464702614,0.628119
3.718732629238466,0.170684
3.7229016120066705,0.0
3.727070594774875,0.0
3.7312395775430796,0.0
3.735408560311284,0.011532
3.7395775430794886,0.23064
3.743746525847693,0.749579
3.7479155086158977,0.829288
3.7520844913841023,0.649902
3.756253474152307,0.651183
3.7604224569205114,0.656308
3.764591439688716,0.450014
3.7687604224569204,0.66784
3.772929405225125,0.670403
3.7770983879933295,0.675528
3.781267370761534,0.678091
3.7854363535297386,0.67681
3.789605336297943,0.67681
3.7937743190661477,0.67681
3.7979433018343522,0.124556
3.802112284602557,0.602492
3.8062812673707613,0.672966
3.810450250138966,0.67681
3.8146192329071704,0.678091
3.818788215675375,0.678091
3.8229571984435795,0.674247
3.827126181211784,0.675528
3.831295163979989,0.569178
3.8354641467481936,0.512799
3.839633129516398,0.592242
3.8438021122846027,0.704999
3.847971095052807,0.717812
3.8521400778210118,0.722938
3.8563090605892163,0.726782
3.860478043357421,0.547395
3.8646470261256254,0.662715
3.86881600889383,0.738314
3.8729849916620345,0.743439
3.877153974430239,0.720375
3.8813229571984436,0.748564
3.885491939966648,0.665278
3.8896609227348526,0.75369
3.893829905503057,0.701155
3.8979988882712617,0.679372
3.9021678710394663,0.410293
3.906336853807671,0.520487
3.9105058365758754,0.093804
3.91467481934408,0.646058
3.9188438021122844,0.74472
3.923012784880489,0.751127
3.9271817676486935,0.749846
3.931350750416898,0.776753
3.9355197331851026,0.762659
3.939688715953307,0.770347
3.9438576987215117,0.761378
3.9480266814897162,0.789567
3.952195664257921,0.801099
3.956364647026126,0.806224
3.9605336297943303,0.817756
3.964702612562535,0.819037
3.9688715953307394,0.828007
3.973040578098944,0.835695
3.9772095608671485,0.845945
3.981378543635353,0.851071
3.9855475264035576,0.854915
3.989716509171762,0.857477
3.9938854919399667,0.858759
3.998054474708171,0.856196
4.002223457476376,0.857477
4.00639244024458,0.866447
4.010561423012785,0.857477
4.014730405780989,0.856196
4.018899388549194,0.848508
4.0230683713173985,0.863884
4.027237354085603,0.856196
4.031406336853808,0.799817
4.035575319622012,0.751127
4.039744302390217,0.063052
4.043913285158421,0.0
4.048082267926626,0.158885
4.05225125069483,0.666292
4.056420233463035,0.747016
4.060589216231239,0.939483
4.064758198999444,0.838257
4.0689271817676484,0.838257
4.073096164535853,0.63837
4.0772651473040575,0.844664
4.081434130072262,0.847227
4.085603112840467,0.849789
4.089772095608671,0.856196
4.093941078376876,0.853633
4.09811006114508,0.854915
4.102279043913285,0.852352
4.106448026681489,0.858759
4.110617009449694,0.851071
4.114785992217898,0.856196
4.118954974986103,0.861321
4.1231239577543075,0.854915
4.127292940522512,0.849789
4.131461923290717,0.849789
4.135630906058921,0.853633
4.139799888827126,0.662715
4.143968871595331,0.831851
4.148137854363536,0.820319
4.15230683713174,0.84082
4.156475819899945,0.845945
4.160644802668149,0.847227
4.164813785436354,0.851071
4.168982768204558,0.849789
4.173151750972763,0.851071
4.1773207337409675,0.845945
4.181489716509172,0.843383
4.1856586992773765,0.843383
4.189827682045581,0.815193
4.193996664813786,0.824163
4.19816564758199,0.803661
4.202334630350195,0.806224
4.206503613118399,0.795973
4.210672595886604,0.784441
4.214841578654808,0.66784
4.219010561423013,0.690904
4.223179544191217,0.774191
4.227348526959422,0.767784
4.2315175097276265,0.781879
4.235686492495831,0.766503
4.239855475264036,0.810068
4.24402445803224,0.702436
4.248193440800445,0.801099
4.252362423568649,0.76394
4.256531406336854,0.781879
4.260700389105058,0.762659
4.264869371873263,0.762659
4.269038354641467,0.762659
4.273207337409672,0.761378
4.2773763201778765,0.761378
4.281545302946081,0.761378
4.285714285714286,0.765222
4.28988326848249,0.757534
4.294052251250695,0.756252
4.298221234018899,0.757534
4.302390216787104,0.758815
4.306559199555308,0.754971
4.310728182323513,0.758815
4.314897165091717,0.774191
4.319066147859922,0.756252
4.3232351306281265,0.76394
4.327404113396331,0.795973
4.331573096164536,0.758815
4.33574207893274,0.77291
4.339911061700945,0.760096
4.344080044469149,0.760096
4.348249027237354,0.760096
4.352418010005558,0.760096
4.356586992773763,0.761378
4.360755975541967,0.760096
4.364924958310172,0.760096
4.3690939410783765,0.756252
4.373262923846581,0.76394
4.3774319066147855,0.760096
4.38160088938299,0.774191
4.385769872151195,0.793411
4.389938854919399,0.798536
4.394107837687604,0.80238
4.398276820455809,0.820319
4.402445803224014,0.833132
4.406614785992218,0.835695
4.410783768760423,0.804943
4.414952751528627,0.836976
4.419121734296832,0.842101
4.423290717065036,0.830569
4.427459699833241,0.822881
4.4316286826014455,0.828007
4.43579766536965,0.833132
4.439966648137855,0.829288
4.444135630906059,0.838257
4.448304613674264,0.826725
4.452473596442468,0.819037
4.456642579210673,0.856196
4.460811561978877,0.831851
4.464980544747082,0.829288
4.469149527515286,0.808787
4.473318510283491,0.808787
4.4774874930516955,0.831851
4.4816564758199,0.852352
4.4858254585881046,0.863884
4.489994441356309,0.901043
4.494163424124514,0.883104
4.498332406892718,0.888229
4.502501389660923,0.933076
4.506670372429127,0.920263
4.510839355197332,0.921544
4.515008337965536,0.922825
4.519177320733741,0.938201
4.523346303501945,0.929232
4.52751528627015,0.913856
4.5316842690383545,0.897199
4.535853251806559,0.884385
4.540022234574764,0.861321
4.544191217342968,0.856196
4.548360200111173,0.856196
4.552529182879377,0.86004
4.556698165647582,0.867728
4.560867148415786,0.901043
4.565036131183991,0.926669
4.569205113952195,0.938201
4.5733740967204,0.953577
4.5775430794886045,0.979204
4.581712062256809,0.992017
4.585881045025014,1.04327
4.590050027793218,1.011306
4.594219010561423,1.026682
4.598387993329627,1.056153
4.602556976097832,1.067685
4.606725958866036,1.076654
4.610894941634241,1.083061
4.615063924402445,1.09203
4.61923290717065,1.088186
4.6234018899388545,1.086905
4.627570872707059,1.097155
4.631739855475264,1.066403
4.635908838243468,1.070247
4.640077821011673,1.07281
4.644246803779877,1.07281
4.648415786548083,1.063841
4.652584769316287,1.07281
4.656753752084492,1.079217
4.660922734852696,1.084342
4.665091717620901,1.09203
4.669260700389105,1.11125
4.67342968315731,1.131751
4.677598665925514,1.144565
4.681767648693719,1.184286
4.6859366314619235,1.20735
4.690105614230128,1.216319
4.694274596998333,1.211194
4.698443579766537,1.186849
4.702612562534742,1.200943
4.706781545302946,1.231695
4.710950528071151,1.230414
4.715119510839355,1.184286
4.71928849360756,1.211194
4.723457476375764,1.218882
4.727626459143969,1.257322
4.7317954419121735,1.249634
4.735964424680378,1.247071
4.740133407448583,1.238102
4.744302390216787,1.221444
4.748471372984992,1.213756
4.752640355753196,1.220163
4.756809338521401,1.231695
4.760978321289605,1.239383
4.76514730405781,1.247071
4.769316286826014,1.254759
4.773485269594219,1.259884
4.7776542523624235,1.268854
4.781823235130628,1.267572
4.785992217898833,1.267572
4.790161200667037,1.244508
4.794330183435242,1.240664
4.798499166203446,1.259884
4.802668148971651,1.267572
4.806837131739855,1.289355
4.81100611450806,1.312419
4.815175097276264,1.335483
4.819344080044469,1.354703
4.8235130628126734,1.375204
4.827682045580878,1.37136
4.8318510283490825,1.375204
4.836020011117287,1.380329
4.840188993885492,1.396987
4.844357976653696,1.418769
4.848526959421901,1.463616
4.852695942190105,1.486779
4.85686492495831,1.548283
4.861033907726514,1.652071
4.865202890494719,1.794299
4.869371873262923,1.899368
4.873540856031128,1.971122
4.8777098387993325,1.991823
4.881878821567537,2.052045
4.886047804335742,2.107143
4.890216787103946,2.137895
4.894385769872151,2.15327
4.898554752640356,2.169928
4.902723735408561,2.157115
4.906892718176765,2.14302
4.91106170094497,2.134051
4.915230683713174,2.144301
4.919399666481379,2.145583
4.923568649249583,2.154552
4.927737632017788,2.158396
4.9319066147859925,2.148145
4.936075597554197,2.182741
4.9402445803224015,2.176335
4.944413563090606,2.19171
4.948582545858811,2.198117
4.952751528627015,2.2199
4.95692051139522,2.222462
4.961089494163424,2.225025
4.965258476931629,2.212212
4.969427459699833,2.207087
4.973596442468038,2.182741
4.977765425236242,2.184022
4.981934408004447,2.136613
4.9861033907726515,2.118675
4.990272373540856,2.112268
4.994441356309061,2.094329
4.998610339077265,2.087923
5.00277932184547,2.071265
5.006948304613674,2.076391
5.011117287381879,2.098173
5.015286270150083,2.126363
5.019455252918288,2.163521
5.023624235686492,2.192992
5.027793218454697,2.222462
5.0319622012229015,2.23015
5.036131183991106,2.25834
5.040300166759311,2.28781
5.044469149527515,2.299342
5.04863813229572,2.294217
5.052807115063924,2.282685
5.056976097832129,2.283966
5.061145080600333,2.278841
5.065314063368538,2.27756
5.069483046136742,2.264746
5.073652028904947,2.253214
5.0778210116731515,2.241682
5.081989994441356,2.2199
5.086158977209561,2.203243
5.090327959977765,2.182741
5.09449694274597,2.180178
5.098665925514174,2.160959
5.102834908282379,1.46007
5.107003891050583,2.205805
5.111172873818788,2.225025
5.115341856586992,2.263465
5.119510839355197,2.273716
5.1236798221234015,2.281404
5.127848804891606,2.285248
5.1320177876598105,2.29678
5.136186770428015,2.330094
5.14035575319622,2.380066
5.144524735964424,2.437726
5.14869371873263,2.472821
5.152862701500834,2.515105
5.157031684269039,2.549701
5.161200667037243,2.591985
5.165369649805448,2.613768
5.169538632573652,2.604799
5.173707615341857,2.649645
5.177876598110061,2.670146
5.182045580878266,2.684241
5.1862145636464705,2.661177
5.190383546414675,2.653489
5.19455252918288,2.636832
5.198721511951084,2.617612
5.202890494719289,2.593266
5.207059477487493,2.576609
5.211228460255698,2.553545
5.215397443023902,2.544576
5.219566425792107,2.575328
5.223735408560311,2.624018
5.227904391328516,2.700898
5.2320733740967205,2.77009
5.236242356864925,2.838001
5.2404113396331296,2.845689
5.244580322401334,2.875159
5.248749305169539,2.896942
5.252918287937743,2.911037
5.257087270705948,2.908474
5.261256253474152,2.890535
5.265425236242357,2.88541
5.269594219010561,2.871315
5.273763201778766,2.873878
5.27793218454697,2.887973
5.282101167315175,2.921287
5.2862701500833795,2.926413
5.290439132851584,2.917443
5.294608115619789,2.863627
5.298777098387993,2.840564
5.302946081156198,2.84697
5.307115063924402,2.832875
5.311284046692607,2.811093
5.315453029460811,2.840564
5.319622012229016,2.822625
5.32379099499722,2.764965
5.327959977765425,2.744464
5.3321289605336295,2.725244
5.336297943301834,2.580453
5.340466926070039,2.566359
5.344635908838243,2.557389
5.348804891606448,2.559952
5.352973874374652,2.580453
5.357142857142857,2.613768
5.361311839911061,2.686804
5.365480822679266,2.768809
5.36964980544747,2.747026
5.373818788215675,2.003854
5.3779877709838795,2.647082
5.382156753752084,1.800123
5.386325736520289,1.503636
5.390494719288493,1.288372
5.394663702056698,0.846114
5.398832684824902,0.766572
5.403001667593108,0.32195
5.407170650361312,0.0
5.411339633129517,0.0
5.415508615897721,0.54841
5.419677598665926,0.197325
5.42384658143413,0.130696
5.428015564202335,0.829021
5.432184546970539,0.200155
5.436353529738744,0.929232
5.4405225125069485,1.176529
5.444691495275153,0.64869
5.448860478043358,0.62947
5.453029460811562,1.238102
5.457198443579767,1.491805
5.461367426347971,2.092849
5.465536409116176,2.579954
5.46970539188438,1.79756
5.473874374652585,1.288372
5.478043357420789,0.963996
5.482212340188994,1.849396
5.4863813229571985,2.092849
5.490550305725403,2.323688
5.494719288493608,2.581235
5.498888271261812,2.795717
5.503057254030017,1.978228
5.507226236798221,1.796279
5.511395219566426,1.53695
5.51556420233463,1.287091
5.519733185102835,0.799986
5.523902167871039,0.377047
5.528071150639244,0.0
5.5322401334074485,0.0
5.536409116175653,0.589412
5.5405780989438576,0.829021
5.544747081712062,0.601211
5.548916064480267,0.046395
5.553085047248471,0.491017
5.557254030016676,1.095805
5.56142301278488,0.345014
5.565591995553085,0.728063
5.569760978321289,1.021488
5.573929961089494,1.614813
5.578098943857698,2.092849
5.582267926625903,1.650989
5.5864369093941075,2.207087
5.590605892162312,1.288372
5.594774874930517,1.849396
5.598943857698721,2.092849
5.603112840466926,2.581235
5.60728182323513,2.958446
5.611450806003335,2.924049
5.615619788771539,2.293634
5.619788771539744,1.79756
5.623957754307948,1.287091
5.628126737076153,0.799986
5.6322957198443575,0.320669
5.636464702612562,0.0
5.640633685380767,0.0
5.644802668148971,0.028189
5.648971650917176,0.829021
5.653140633685381,1.176529
5.657309616453586,1.614813
5.66147859922179,2.092849
5.665647581989995,2.555609
5.669816564758199,2.803405
5.673985547526404,2.799561
5.678154530294608,2.274215
5.682323513062813,2.75984
5.6864924958310175,2.714993
5.690661478599222,2.684241
5.6948304613674265,2.632988
5.698999444135631,2.017949
5.703168426903836,2.507417
5.70733740967204,2.353658
5.711506392440245,2.49076
5.715675375208449,2.476665
5.719844357976654,2.470259
5.724013340744858,2.454883
5.728182323513063,2.445914
5.732351306281267,1.798841
5.736520289049472,1.285809
5.7406892718176765,0.799986
5.744858254585881,0.320669
5.749027237354086,0.338538
5.75319622012229,0.138651
5.757365202890495,0.14762
5.761534185658699,0.130963
5.765703168426904,0.156589
5.769872151195108,0.179653
5.774041133963313,0.0
5.778210116731517,0.069192
5.782379099499722,0.126852
5.7865480822679265,0.137102
5.790717065036131,0.143509
5.794886047804336,0.149916
5.79905503057254,0.152478
5.803224013340745,0.156322
5.807392996108949,0.148634
5.811561978877154,0.147353
5.815730961645358,0.157604
5.819899944413563,0.17298
5.824068927181767,0.12557
5.828237909949972,0.272923
5.8324068927181765,0.176824
5.836575875486381,0.103788
5.840744858254586,0.108913
5.84491384102279,0.174261
5.849082823790995,0.194762
5.853251806559199,0.107632
5.857420789327404,0.139665
5.861589772095608,0.139665
5.865758754863813,0.14479
5.869927737632017,0.829021
5.874096720400222,1.10093
5.8782657031684264,0.519275
5.882434685936631,0.320669
5.8866036687048355,0.091241
5.89077265147304,0.101492
5.894941634241245,0.083553
5.899110617009449,0.100211
5.903279599777655,0.00283
5.907448582545859,0.135821
5.911617565314064,0.197325
5.915786548082268,0.215264
5.919955530850473,0.278049
5.924124513618677,0.217826
5.928293496386882,0.251141
5.932462479155086,0.275486
5.936631461923291,0.285737
5.9408004446914955,0.299831
5.9449694274597,0.278049
5.949138410227905,0.289581
5.953307392996109,0.234484
5.957476375764314,0.281893
5.961645358532518,0.294706
5.965814341300723,0.319051
5.969983324068927,0.322895
5.974152306837132,0.354929
5.978321289605336,0.316489
5.982490272373541,0.133258
5.9866592551417455,0.361335
5.99082823790995,0.829021
5.9949972206781545,1.176529
5.999166203446359,1.614813
6.003335186214564,2.092849
6.007504168982768,2.324969
6.011673151750973,2.324969
6.015842134519177,2.058452
6.020011117287382,2.282685
6.024180100055586,1.504917
6.028349082823791,1.287091
6.032518065591995,0.928119
6.0366870483602,0.32195
6.0408560311284045,1.123994
6.045025013896609,1.614813
6.049193996664814,2.092849
6.053362979433018,2.298061
6.057531962201223,2.317281
6.061700944969427,2.33522
6.065869927737632,2.145583
6.070038910505836,2.251933
6.074207893274041,2.380066
6.078376876042245,2.225025
6.08254585881045,2.351877
6.0867148415786545,2.413381
6.090883824346859,1.803467
6.095052807115064,2.289092
6.099221789883268,1.761183
6.103390772651473,2.455665
6.107559755419677,1.966696
6.111728738187882,1.79756
6.115897720956086,1.287091
6.120066703724291,0.798704
6.124235686492495,0.320669
6.1284046692607,0.125837
6.1325736520289045,0.119431
6.136742634797109,1.176529
6.140911617565314,0.565403
6.145080600333518,1.614813
6.149249583101723,1.043439
6.153418565869928,1.368897
6.157587548638133,1.043439
6.161756531406337,0.798704
6.165925514174542,0.320669
6.170094496942746,0.0
6.174263479710951,0.267798
6.178432462479155,0.721389
6.18260144524736,0.087397
6.186770428015564,0.037425
6.190939410783769,0.036144
6.1951083935519735,0.05152
6.199277376320178,0.171965
6.203446359088383,0.050239
6.207615341856587,0.0
6.211784324624792,0.08713
6.215953307392996,0.084568
6.220122290161201,0.709857
6.224291272929405,0.171965
6.22846025569761,1.176529
6.232629238465814,1.614813
6.236798221234019,2.092849
6.2409672040022235,2.581235
6.245136186770428,2.685522
6.249305169538633,2.608643
6.253474152306837,2.243463
6.257643135075042,2.834157
6.261812117843246,2.940507
6.265981100611451,3.053463
6.270150083379655,3.085496
6.27431906614786,3.08934
6.278488048916064,3.081652
6.282657031684269,3.100872
6.2868260144524735,3.023993
6.290994997220678,2.941987
6.2951639799888826,2.975302
6.299332962757087,2.939425
6.303501945525292,2.912517
6.307670928293496,2.939425
6.311839911061701,2.830512
6.316008893829905,2.862545
6.32017787659811,2.840762
6.324346859366314,2.822824
6.328515842134519,2.792072
6.332684824902723,2.670345
6.336853807670928,2.293634
6.3410227904391325,1.837281
6.345191773207337,2.336501
6.349360755975542,2.564578
6.353529738743746,2.782903
6.357698721511951,1.978228
6.361867704280155,1.98079
6.36603668704836,2.45232
6.370205669816564,2.517668
6.374374652584769,1.97054
6.378543635352973,2.603517
6.382712618121178,1.79756
6.3868816008893825,1.287091
6.391050583657587,1.021656
6.395219566425792,1.831457
6.399388549193996,1.7187
6.403557531962202,1.87246
6.407726514730406,1.043439
6.411895497498611,2.092849
6.416064480266815,1.288372
6.42023346303502,0.798704
6.424402445803224,0.319387
6.428571428571429,0.0
6.432740411339633,0.0
6.436909394107838,0.600944
6.4410783768760425,0.608632
6.445247359644247,0.723952
6.4494163424124515,0.508955
6.453585325180656,0.001548
6.457754307948861,0.253704
6.461923290717065,0.525346
6.46609227348527,0.274205
6.470261256253474,0.407463
6.474430239021679,0.321614
6.478599221789883,0.406182
6.482768204558088,0.752141
6.486937187326292,0.209124
6.491106170094497,0.0
6.4952751528627015,0.034596
6.499444135630906,0.16401
6.503613118399111,0.185793
6.507782101167315,0.685512
6.51195108393552,1.172685
6.516120066703724,1.614813
6.520289049471929,0.832019
6.524458032240133,1.175317
6.528627015008338,1.270135
6.532795997776542,0.983117
6.536964980544747,1.421332
6.5411339633129515,0.320669
6.545302946081156,0.0
6.549471928849361,0.766236
6.553640911617565,0.064333
6.55780989438577,0.521769
6.561978877153974,1.176529
6.566147859922179,1.614813
6.570316842690383,2.092849
6.574485825458588,2.385191
6.578654808226792,1.914943
6.582823790994997,2.38391
6.5869927737632015,2.363409
6.591161756531406,2.321125
6.595330739299611,2.401849
6.599499722067815,2.433882
6.60366870483602,2.468977
6.607837687604224,2.515105
6.612006670372429,2.527919
6.616175653140633,2.547139
6.620344635908838,2.54842
6.624513618677042,2.535607
6.628682601445247,2.530481
6.6328515842134514,2.535607
6.637020566981656,2.01923
6.6411895497498605,1.79756
6.645358532518065,1.287091
6.64952751528627,0.798704
6.653696498054474,0.319387
6.65786548082268,0.0
6.662034463590884,0.0
6.666203446359089,0.704732
6.670372429127293,0.028456
6.674541411895498,0.829021
6.678710394663702,0.980485
6.682879377431907,0.159152
6.687048360200111,0.0
6.691217342968316,0.82774
6.6953863257365205,1.16756
6.699555308504725,1.614813
6.70372429127293,2.092849
6.707893274041134,2.34547
6.712062256809339,2.241682
6.716231239577543,2.235276
6.720400222345748,1.859846
6.724569205113952,2.105861
6.728738187882157,2.371097
6.732907170650361,2.419787
6.737076153418566,2.449757
6.7412451361867705,2.499729
6.745414118954975,2.157614
6.7495831017231795,2.388253
6.753752084491384,2.552264
6.757921067259589,2.393379
6.762090050027793,2.544576
6.766259032795998,2.543295
6.770428015564202,2.530481
6.774596998332407,2.497167
6.778765981100611,2.461289
6.782934963868816,2.465133
6.78710394663702,2.404911
6.791272929405225,2.280622
6.7954419121734295,2.312655
6.799610894941634,2.339563
6.803779877709839,2.03845
6.807948860478043,2.398504
6.812117843246248,1.79756
6.816286826014452,2.413381
6.820455808782657,2.540232
6.824624791550861,2.465133
6.828793774319066,1.79756
6.83296275708727,2.390317
6.837131739855475,2.468478
6.8413007226236795,2.58686
6.845469705391884,2.615049
6.849638688160089,2.602236
6.853807670928293,2.570203
6.857976653696498,2.5292
6.862145636464702,2.457445
6.866314619232907,2.411318
6.870483602001111,2.390816
6.874652584769316,2.386972
6.87882156753752,2.379284
6.882990550305725,2.343407
6.8871595330739295,2.275496
6.891328515842134,2.302404
6.895497498610339,2.4331
6.899666481378543,2.526637
6.903835464146748,2.239619
6.908004446914953,2.415162
6.912173429683158,2.667584
6.916342412451362,2.662458
6.920511395219567,2.66374
6.924680377987771,2.426693
6.928849360755976,2.595829
6.93301834352418,2.534325
6.937187326292385,2.265246
6.941356309060589,2.443351
6.945525291828794,2.427975
6.9496942745969985,2.39466
6.953863257365203,2.392097
6.958032240133408,1.952601
6.962201222901612,2.308811
6.966370205669817,2.502292
6.970539188438021,2.530481
6.974708171206226,2.497167
6.97887715397443,2.147363
6.983046136742635,1.79756
6.987215119510839,1.288372
6.991384102279044,2.092849
6.9955530850472485,2.266028
6.999722067815453,1.452382
7.003891050583658,1.287091
7.008060033351862,0.798704
7.012229016120067,0.320669
7.016397998888271,0.063052
7.020566981656476,0.357758
7.02473596442468,1.112462
7.028904947192885,1.614813
7.033073929961089,2.092849
7.037242912729294,2.281404
7.0414118954974985,2.254496
7.045580878265703,2.242964
7.0497498610339075,2.26859
7.053918843802112,2.317281
7.058087826570317,2.367253
7.062256809338521,2.424913
7.066425792106726,2.47154
7.07059477487493,2.513824
7.074763757643135,2.54842
7.078932740411339,2.552264
7.083101723179544,2.5292
7.087270705947748,2.488197
7.091439688715953,2.055108
7.0956086714841575,1.892378
7.099777654252362,1.287091
7.103946637020567,0.798704
7.108115619788771,0.45649
7.112284602556976,1.097086
7.11645358532518,0.482116
7.120622568093385,0.320669
7.124791550861589,0.0
7.128960533629794,0.0
7.133129516397998,0.0
7.137298499166203,0.007688
7.1414674819344075,0.012813
7.145636464702612,0.01922
7.149805447470817,0.01922
7.153974430239021,0.020501
7.158143413007227,0.01922
7.162312395775431,0.023064
7.166481378543636,0.01922
7.17065036131184,0.037159
7.174819344080045,0.020501
7.178988326848249,0.025627
7.183157309616454,0.110194
7.187326292384658,0.065348
7.191495275152863,0.243453
7.1956642579210675,0.376711
7.199833240689272,0.338271
7.2040022234574765,0.030752
7.208171206225681,0.035877
7.212340188993886,0.043565
7.21650917176209,0.037159
7.220678154530295,0.058941
7.224847137298499,0.26011
7.229016120066704,0.212701
7.233185102834908,0.021783
7.237354085603113,0.24089
7.241523068371317,0.023064
7.245692051139522,0.10635
7.2498610339077265,0.303675
7.254030016675931,0.613758
7.258198999444136,0.579162
7.26236798221234,0.58685
7.266536964980545,0.817489
7.270705947748749,0.59993
7.274874930516954,0.546114
7.279043913285158,0.416699
7.283212896053363,0.189904
7.287381878821567,0.105336
7.291550861589772,0.530738
7.2957198443579765,0.223218
7.299888827126181,0.027175
7.304057809894386,0.171698
7.30822679266259,0.563786
7.312395775430795,0.82774
7.316564758198999,1.176529
7.320733740967204,0.561559
7.324902723735408,0.320669
7.329071706503613,0.0
7.333240689271817,0.0
7.337409672040022,0.030752
7.3415786548082265,0.042284
7.345747637576431,0.017939
7.3499166203446356,0.016657
7.35408560311284,0.020501
7.358254585881045,0.017939
7.362423568649249,0.021783
7.366592551417454,0.025627
7.370761534185658,0.502282
7.374930516953863,0.736765
7.379099499722067,0.33085
7.383268482490272,0.0
7.387437465258476,0.0
7.391606448026681,0.0
7.3957754307948855,0.014095
7.39994441356309,0.56763
7.404113396331295,0.025627
7.4082823790995,0.111476
7.412451361867705,0.030752
7.416620344635909,0.217826
7.420789327404114,0.066629
7.424958310172318,0.060223
7.429127292940523,0.034596
7.433296275708727,0.042284
7.437465258476932,0.083286
7.441634241245136,0.666292
7.445803224013341,0.398494
7.4499722067815455,0.055097
7.45414118954975,0.12557
7.458310172317955,0.033315
7.462479155086159,0.390806
7.466648137854364,0.406182
7.470817120622568,0.107632
7.474986103390773,0.021783
7.479155086158977,0.042284
7.483324068927182,0.048691
7.487493051695386,0.020501
7.491662034463591,0.032033
7.4958310172317955,0.090974
7.5,0.024345
7.5041689827682045,0.020501
7.508337965536409,0.021783
7.512506948304614,0.149916
7.516675931072818,0.020501
7.520844913841023,0.021783
7.525013896609227,0.051253
7.529182879377432,0.03844
7.533351862145636,0.044847
7.537520844913841,0.148634
7.541689827682045,0.178105
7.54585881045025,0.14479
7.5500277932184545,0.058941
7.554196775986659,0.023064
7.558365758754864,0.028189
7.562534741523068,0.292143
7.566703724291273,0.239609
7.570872707059477,0.021783
7.575041689827682,0.129414
7.579210672595886,0.070473
7.583379655364091,0.020501
7.587548638132295,0.021783
7.5917176209005,0.025627
7.5958866036687045,0.073036
7.600055586436909,0.021783
7.604224569205114,0.03844
7.608393551973318,0.142228
7.612562534741523,0.330583
7.616731517509727,0.212701
7.620900500277932,0.148634
7.625069483046136,0.026908
7.629238465814341,0.025627
7.633407448582545,0.065348
7.63757643135075,0.032033
7.6417454141189545,0.140946
7.645914396887159,0.058941
7.650083379655364,0.034596
7.654252362423568,0.049972
7.658421345191773,0.069192
7.662590327959978,0.028189
7.666759310728183,0.041003
7.670928293496387,0.032033
7.675097276264592,0.07688
7.679266259032796,0.025627
7.683435241801001,0.079443
7.687604224569205,0.094818
7.69177320733741,0.046128
7.695942190105614,0.058941
7.700111172873819,0.066629
7.7042801556420235,0.089693
7.708449138410228,0.067911
7.712618121178433,0.080724
7.716787103946637,0.089693
7.720956086714842,0.121726
7.725125069483046,0.089693
7.729294052251251,0.056379
7.733463035019455,0.488187
7.73763201778766,0.354929
7.741801000555864,0.207576
7.745969983324069,0.08713
7.7501389660922735,0.039721
7.754307948860478,0.046128
7.758476931628683,0.048691
7.762645914396887,0.048691
7.766814897165092,0.051253
7.770983879933296,0.051253
7.775152862701501,0.060223
7.779321845469705,0.283174
7.78349082823791,0.043565
7.787659811006114,0.043565
7.791828793774319,0.070473
7.7959977765425235,0.07688
7.800166759310728,0.098662
7.8043357420789325,0.097381
7.808504724847137,0.370305
7.812673707615342,0.718827
7.816842690383546,1.176529
7.821011673151751,1.614813
7.825180655919955,2.092849
7.82934963868816,2.304468
7.833518621456364,2.280122
7.837687604224569,2.285248
7.841856586992773,2.286529
7.846025569760978,2.289092
7.8501945525291825,2.28781
7.854363535297387,2.285248
7.858532518065592,2.289092
7.862701500833796,2.290373
7.866870483602001,2.255777
7.871039466370205,2.0277
7.87520844913841,1.287091
7.879377431906614,0.798704
7.883546414674819,0.32195
7.887715397443023,0.0
7.891884380211228,0.0
7.8960533629794325,0.020501
7.900222345747637,0.008969
7.904391328515842,0.030752
7.908560311284046,0.017939
7.912729294052252,0.016657
7.916898276820456,0.026908
7.921067259588661,0.023064
7.925236242356865,0.039721
7.92940522512507,0.049972
7.933574207893274,0.037159
7.937743190661479,0.208857
7.941912173429683,0.049972
7.946081156197888,0.055097
7.9502501389660925,0.061504
7.954419121734297,0.067911
7.9585881045025015,0.066629
7.962757087270706,0.066629
7.966926070038911,0.064067
7.971095052807115,0.071755
7.97526403557532,0.078161
7.979433018343524,0.07688
7.983602001111729,0.082005
7.987770983879933,0.082005
7.991939966648138,0.083286
7.996108949416342,0.089693
8.000277932184547,0.094818
8.004446914952752,0.092256
8.008615897720956,0.105069
8.01278488048916,0.126852
8.016953863257365,0.166573
8.02112284602557,0.175542
8.025291828793774,0.167854
8.029460811561979,0.238328
8.033629794330183,0.821333
8.037798777098388,1.176529
8.041967759866592,1.614813
8.046136742634797,2.092849
8.050305725403001,2.579954
8.054474708171206,3.091704
8.05864369093941,3.373796
8.062812673707615,3.387891
8.06698165647582,3.399423
8.071150639244024,3.408392
8.075319622012229,3.417361
8.079488604780433,3.427612
8.083657587548638,3.386867
8.087826570316842,2.791048
8.091995553085047,2.293634
8.096164535853251,1.79756
8.100333518621456,1.287091
8.10450250138966,0.799986
8.108671484157865,0.383454
8.11284046692607,0.164277
8.117009449694274,0.0
8.121178432462479,0.0
8.125347415230683,0.0
8.129516397998888,0.008969
8.133685380767092,0.016657
8.137854363535297,0.017939
8.142023346303501,0.020501
8.146192329071706,0.025627
8.15036131183991,0.029471
8.154530294608115,0.039721
8.15869927737632,0.194762
8.162868260144524,0.090974
8.167037242912729,0.032033
8.171206225680933,0.024345
8.175375208449138,0.05766
8.179544191217342,0.021783
8.183713173985547,0.034596
8.187882156753751,0.034596
8.192051139521956,0.047409
8.19622012229016,0.042284
8.200389105058365,0.052535
8.20455808782657,0.046128
8.208727070594774,0.047409
8.212896053362979,0.05766
8.217065036131183,0.056379
8.221234018899388,0.065348
8.225403001667592,0.121726
8.229571984435797,0.110194
8.233740967204001,0.12557
8.237909949972206,0.143509
8.24207893274041,0.12557
8.246247915508615,0.133258
8.25041689827682,0.128133
8.254585881045024,0.130696
8.258754863813229,0.124289
8.262923846581433,0.121726
8.267092829349638,0.12557
8.271261812117842,0.124289
8.275430794886047,0.129414
8.279599777654251,0.11532
8.283768760422456,0.108913
8.287937743190662,0.103788
8.292106725958867,0.103788
8.296275708727071,0.10635
8.300444691495276,0.111476
8.30461367426348,0.107632
8.308782657031685,0.110194
8.31295163979989,0.111476
8.317120622568094,0.149916
8.321289605336299,0.193481
8.325458588104503,0.189637
8.329627570872708,0.196044
8.333796553640912,0.16401
8.337965536409117,0.773924
8.342134519177321,1.162434
8.346303501945526,1.596874
8.35047248471373,0.828175
8.354641467481935,0.32195
8.35881045025014,0.0
8.362979433018344,0.0
8.367148415786549,0.0
8.371317398554753,0.007688
8.375486381322958,0.13454
8.379655364091162,0.142228
8.383824346859367,0.805957
8.387993329627571,0.182216
8.392162312395776,0.0
8.39633129516398,0.029471
8.400500277932185,0.0
8.40466926070039,0.008969
8.408838243468594,0.012813
8.413007226236799,0.017939
8.417176209005003,0.01922
8.421345191773208,0.01922
8.425514174541412,0.021783
8.429683157309617,0.020501
8.433852140077821,0.025627
8.438021122846026,0.030752
8.44219010561423,0.05766
8.446359088382435,0.062785
8.45052807115064,0.032033
8.454697053918844,0.671417
8.458866036687049,0.360321
8.463035019455253,0.0
8.467204002223458,0.0
8.471372984991662,0.0
8.475541967759867,0.010251
8.479710950528071,0.015376
8.483879933296276,0.048691
8.48804891606448,0.01922
8.492217898832685,0.020501
8.49638688160089,0.020501
8.500555864369094,0.021783
8.504724847137298,0.021783
8.508893829905503,0.021783
8.513062812673708,0.023064
8.517231795441912,0.021783
8.521400778210117,0.023064
8.525569760978321,0.021783
8.529738743746526,0.024345
8.53390772651473,0.020501
8.538076709282935,0.021783
8.54224569205114,0.023064
8.546414674819344,0.021783
8.550583657587548,0.024345
8.554752640355753,0.020501
8.558921623123958,0.021783
8.563090605892162,0.020501
8.567259588660367,0.020501
8.571428571428571,0.025627
8.575597554196776,0.024345
8.57976653696498,0.030752
8.583935519733185,0.030752
8.58810450250139,0.07688
8.592273485269594,0.55866
8.596442468037798,0.094818
8.600611450806003,0.239609
8.604780433574208,0.289581
8.608949416342412,0.023064
8.613118399110617,0.024345
8.617287381878821,0.340834
8.621456364647026,0.123008
8.62562534741523,0.01922
8.629794330183435,0.020501
8.63396331295164,0.020501
8.638132295719844,0.021783
8.642301278488048,0.065348
8.646470261256253,0.041003
8.650639244024457,0.056379
8.654808226792662,0.105069
8.658977209560867,0.306238
8.663146192329071,0.11532
8.667315175097276,0.817489
8.67148415786548,0.423106
8.675653140633685,1.176529
8.67982212340189,0.770416
8.683991106170094,0.48596
8.688160088938298,0.364234
8.692329071706503,0.71525
8.696498054474707,0.0
8.700667037242912,0.0
8.704836020011117,0.0
8.709005002779321,0.010251
8.713173985547526,0.188356
8.71734296831573,0.119164
8.721511951083935,0.01922
8.72568093385214,0.01922
8.729849916620344,0.042284
8.734018899388548,0.021783
8.738187882156753,0.048691
8.742356864924957,0.457435
8.746525847693162,0.065348
8.750694830461367,0.028189
8.754863813229571,0.020501
8.759032795997776,0.021783
8.76320177876598,0.01922
8.767370761534185,0.021783
8.77153974430239,0.020501
8.775708727070594,0.020501
8.779877709838798,0.020501
8.784046692607003,0.021783
8.788215675375207,0.793144
8.792384658143414,0.751127
8.796553640911618,0.393636
8.800722623679823,0.901043
8.804891606448027,0.174528
8.809060589216232,0.774191
8.813229571984436,0.092523
8.817398554752641,0.0
8.821567537520846,0.0
8.82573652028905,0.002563
8.829905503057255,0.008969
8.83407448582546,0.01922
8.838243468593664,0.017939
8.842412451361868,0.01922
8.846581434130073,0.021783
8.850750416898277,0.024345
8.854919399666482,0.024345
8.859088382434686,0.021783
8.863257365202891,0.021783
8.867426347971096,0.021783
8.8715953307393,0.025627
8.875764313507505,0.021783
8.87993329627571,0.021783
8.884102279043914,0.023064
8.888271261812118,0.024345
8.892440244580323,0.028189
8.896609227348527,0.026908
8.900778210116732,0.025627
8.904947192884936,0.026908
8.909116175653141,0.026908
8.913285158421345,0.034596
8.91745414118955,0.090974
8.921623123957755,0.033315
8.92579210672596,0.042284
8.929961089494164,0.161448
8.934130072262368,0.046128
8.938299055030573,0.044847
8.942468037798777,0.024345
8.946637020566982,0.01922
8.950806003335186,0.023064
8.954974986103391,0.021783
8.959143968871595,0.023064
8.9633129516398,0.021783
8.967481934408005,0.023064
8.971650917176209,0.034596
8.975819899944414,0.679105
8.979988882712618,0.532019
8.984157865480823,0.374416
8.988326848249027,0.302661
8.992495831017232,0.0
8.996664813785436,0.299831
9.000833796553641,0.829021
9.005002779321845,0.001548
9.00917176209005,0.829021
9.013340744858255,1.176529
9.017509727626459,1.614813
9.021678710394664,2.092849
9.025847693162868,2.579954
9.030016675931073,3.051983
9.034185658699277,3.395579
9.038354641467482,3.40711
9.042523624235686,3.172627
9.04669260700389,3.422487
9.050861589772095,3.404548
9.0550305725403,3.440425
9.059199555308505,3.46631
9.063368538076709,3.500906
9.067537520844914,2.79233
9.071706503613118,3.39686
9.075875486381323,3.399423
9.080044469149527,3.382765
9.084213451917732,2.538368
9.088382434685936,3.380203
9.09255141745414,3.409673
9.096720400222345,3.431456
9.10088938299055,2.79233
9.105058365758754,2.294915
9.109227348526959,1.79756
9.113396331295164,1.531825
9.117565314063368,2.105861
9.121734296831573,1.421631
9.125903279599777,0.799986
9.130072262367982,0.319387
9.134241245136186,0.0
9.13841022790439,0.0
9.142579210672595,0.26908
9.1467481934408,0.190918
9.150917176209004,0.732921
9.155086158977209,1.176529
9.159255141745414,0.338607
9.163424124513618,0.0
9.167593107281823,0.0
9.171762090050027,0.012813
9.175931072818232,0.007688
9.180100055586436,0.015376
9.18426903835464,0.016657
9.188438021122845,0.020501
9.19260700389105,0.020501
9.196775986659254,0.01922
9.200944969427459,0.021783
9.205113952195664,0.020501
9.209282934963868,0.021783
9.213451917732073,0.020501
9.217620900500277,0.020501
9.221789883268482,0.03844
9.225958866036686,0.035877
9.23012784880489,0.029471
9.234296831573095,0.190918
9.2384658143413,0.266517
9.242634797109504,0.071755
9.246803779877709,0.023064
9.250972762645914,0.021783
9.255141745414118,0.829021
9.259310728182323,1.176529
9.263479710950527,0.772979
9.267648693718732,0.565403
9.271817676486936,0.635876
9.27598665925514,0.32195
9.280155642023345,0.015643
9.28432462479155,0.0
9.288493607559754,0.092256
9.29266259032796,0.242172
9.296831573096165,0.169136
9.30100055586437,0.098662
9.305169538632574,0.333146
9.309338521400779,0.021783
9.313507504168983,0.01922
9.317676486937188,0.030752
9.321845469705393,0.021783
9.326014452473597,0.025627
9.330183435241802,0.021783
9.334352418010006,0.023064
9.33852140077821,0.020501
9.342690383546415,0.021783
9.34685936631462,0.024345
9.351028349082824,0.217826
9.355197331851029,0.094818
9.359366314619233,0.213982
9.363535297387438,0.829021
9.367704280155642,0.697311
9.371873262923847,1.176529
9.376042245692052,0.776823
9.380211228460256,0.36039
9.38438021122846,0.2245
9.388549193996665,0.889511
9.39271817676487,0.0
9.396887159533074,0.0
9.401056142301279,0.0
9.405225125069483,0.010251
9.409394107837688,0.016657
9.413563090605892,0.017939
9.417732073374097,0.01922
9.421901056142302,0.13454
9.426070038910506,0.020501
9.43023902167871,0.056379
9.434408004446915,0.025627
9.43857698721512,0.117882
9.442745969983324,0.547128
9.446914952751529,0.042284
9.451083935519733,0.594538
9.455252918287938,0.17298
9.459421901056142,0.020501
9.463590883824347,0.020501
9.467759866592552,0.020501
9.471928849360756,0.021783
9.47609783212896,0.020501
9.480266814897165,0.043565
9.48443579766537,0.121726
9.488604780433574,0.021783
9.492773763201779,0.029471
9.496942745969983,0.028189
9.501111728738188,0.021783
9.505280711506392,0.092256
9.509449694274597,0.035877
9.513618677042802,0.037159
9.517787659811006,0.020501
9.52195664257921,0.037159
9.526125625347415,0.196044
9.53029460811562,0.024345
9.534463590883824,0.026908
9.538632573652029,0.267798
9.542801556420233,0.135821
9.546970539188438,0.829021
9.551139521956642,1.176529
9.555308504724847,1.058715
9.559477487493051,0.32195
9.563646470261256,0.0
9.56781545302946,0.0
9.571984435797665,0.179386
9.57615341856587,0.012813
9.580322401334074,0.016657
9.584491384102279,0.01922
9.588660366870483,0.020501
9.592829349638688,0.01922
9.596998332406892,0.021783
9.601167315175097,0.021783
9.605336297943301,0.028189
9.609505280711506,0.035877
9.61367426347971,0.029471
9.617843246247915,0.048691
9.62201222901612,0.041003
9.626181211784324,0.042284
9.630350194552529,0.024345
9.634519177320733,0.023064
9.638688160088938,0.062785
9.642857142857142,0.075599
9.647026125625347,0.156322
9.651195108393551,0.046128
9.655364091161756,0.237046
9.65953307392996,0.020501
9.663702056698165,0.071755
9.66787103946637,0.67398
9.672040022234574,0.532019
9.676209005002779,0.315474
9.680377987770983,0.0
9.684546970539188,0.0
9.688715953307392,0.0
9.692884936075597,0.069192
9.697053918843801,0.165292
9.701222901612006,0.581724
9.70539188438021,0.108913
9.709560867148415,0.01922
9.71372984991662,0.021783
9.717898832684824,0.047409
9.722067815453029,0.193481
9.726236798221233,0.274205
9.730405780989438,0.63554
9.734574763757642,0.335709
9.738743746525847,0.207576
9.742912729294051,0.416433
9.747081712062256,0.71242
9.75125069483046,0.383385
9.755419677598665,0.010518
9.75958866036687,0.447185
9.763757643135074,0.741891
9.767926625903279,1.176529
9.772095608671483,0.729413
9.776264591439688,0.361671
9.780433574207892,0.246282
9.784602556976097,0.236032
9.788771539744301,1.156027
9.792940522512506,0.32195
9.797109505280712,0.0
9.801278488048917,0.254985
9.805447470817121,0.041003
9.809616453585326,0.012813
9.81378543635353,0.014095
9.817954419121735,0.444622
9.82212340188994,0.147353
9.826292384658144,0.180668
9.830461367426349,0.829021
9.834630350194553,0.829288
9.838799332962758,0.0
9.842968315730962,0.0
9.847137298499167,0.0
9.851306281267371,0.015376
9.855475264035576,0.01922
9.85964424680378,0.023064
9.863813229571985,0.743172
9.86798221234019,1.176529
9.872151195108394,1.614813
9.876320177876599,2.092849
9.880489160644803,1.548482
9.884658143413008,2.579954
9.888827126181212,3.090423
9.892996108949417,3.336637
9.897165091717621,3.340481
9.901334074485826,3.368671
9.90550305725403,3.382765
9.909672040022235,3.398141
9.91384102279044,3.401985
9.918010005558644,3.413517
9.922178988326849,3.436581
9.926347971095053,3.448371
9.930516953863258,3.425307
9.934685936631462,3.075504
9.938854919399667,2.79233
9.943023902167871,2.294915
9.947192884936076,1.798841
9.95136186770428,1.288372
9.955530850472485,1.982654
9.95969983324069,1.288372
9.963868816008894,0.799986
9.968037798777099,0.32195
9.972206781545303,0.0
9.976375764313508,0.0
9.980544747081712,0.0
9.984713729849917,0.065348
9.988882712618121,0.034596
9.993051695386326,0.028189
9.99722067815453,0.017939
10.001389660922735,0.017939
10.00555864369094,0.020501
10.009727626459144,0.020501
10.013896609227348,0.020501
10.018065591995553,0.023064
10.022234574763758,0.029471
10.026403557531962,0.043565
10.030572540300167,0.028189
10.034741523068371,0.021783
10.038910505836576,0.021783
10.04307948860478,0.020501
10.047248471372985,0.025627
10.05141745414119,0.074317
10.055586436909394,0.142228
10.059755419677598,0.24089
10.063924402445803,0.062785
10.068093385214008,0.032033
10.072262367982212,0.103788
10.076431350750417,0.08713
10.080600333518621,0.611195
10.084769316286826,0.24089
10.08893829905503,0.069192
10.093107281823235,0.682949
10.09727626459144,0.835695
10.101445247359644,0.430794
10.105614230127848,1.176529
10.109783212896053,0.32195
10.113952195664258,0.0
10.118121178432462,0.0
10.122290161200667,0.0
10.126459143968871,0.010251
10.130628126737076,0.015376
10.13479710950528,0.017939
10.138966092273485,0.016657
10.14313507504169,0.01922
10.147304057809894,0.020501
10.151473040578098,0.021783
10.155642023346303,0.020501
10.159811006114507,0.020501
10.163979988882712,0.020501
10.168148971650917,0.020501
10.172317954419121,0.025627
10.176486937187326,0.020501
10.18065591995553,0.021783
10.184824902723735,0.020501
10.18899388549194,0.023064
10.193162868260144,0.021783
10.197331851028348,0.021783
10.201500833796553,0.021783
10.205669816564757,0.021783
10.209838799332962,0.020501
10.214007782101167,0.020501
10.218176764869371,0.039721
10.222345747637576,0.252422
10.22651473040578,0.030752
10.230683713173985,0.089693
10.23485269594219,0.025627
10.239021678710394,0.078161
10.243190661478598,0.176824
10.247359644246803,0.121726
10.251528627015007,0.083286
10.255697609783212,0.029471
10.259866592551417,0.028189
10.264035575319621,0.020501
10.268204558087826,0.021783
10.27237354085603,0.020501
10.276542523624235,0.021783
10.28071150639244,0.020501
10.284880489160644,0.033315
10.289049471928848,0.020501
10.293218454697053,0.021783
10.29738743746526,0.021783
10.301556420233464,0.021783
10.305725403001668,0.021783
10.309894385769873,0.020501
10.314063368538077,0.020501
10.318232351306282,0.020501
10.322401334074486,0.01922
10.326570316842691,0.021783
10.330739299610896,0.020501
10.3349082823791,0.021783
10.339077265147305,0.020501
10.34324624791551,0.021783
10.347415230683714,0.020501
10.351584213451918,0.021783
10.355753196220123,0.020501
10.359922178988327,0.01922
10.364091161756532,0.020501
10.368260144524736,0.01922
10.372429127292941,0.020501
10.376598110061146,0.020501
10.38076709282935,0.024345
10.384936075597555,0.021783
10.38910505836576,0.021783
10.393274041133964,0.023064
10.397443023902168,0.023064
10.401612006670373,0.024345
10.405780989438577,0.021783
10.409949972206782,0.021783
10.414118954974986,0.084568
10.418287937743191,0.021783
10.422456920511395,0.020501
10.4266259032796,0.021783
10.430794886047805,0.020501
10.43496386881601,0.023064
10.439132851584214,0.021783
10.443301834352418,0.028189
10.447470817120623,0.021783
10.451639799888827,0.020501
10.455808782657032,0.029471
10.459977765425236,0.023064
10.464146748193441,0.026908
10.468315730961645,0.325458
10.47248471372985,0.023064
10.476653696498055,0.020501
10.480822679266259,0.021783
10.484991662034464,0.020501
10.489160644802668,0.021783
10.493329627570873,0.021783
10.497498610339077,0.020501
10.501667593107282,0.025627
10.505836575875486,0.456154
10.510005558643691,0.331865
10.514174541411895,0.071755
10.5183435241801,0.035877
10.522512506948305,0.037159
10.526681489716509,0.161448
10.530850472484714,0.058941
10.535019455252918,0.020501
10.539188438021123,0.023064
10.543357420789327,0.023064
10.547526403557532,0.021783
10.551695386325736,0.01922
10.55586436909394,0.021783
10.560033351862145,0.021783
10.56420233463035,0.021783
10.568371317398555,0.020501
10.572540300166759,0.020501
10.576709282934964,0.021783
10.580878265703168,0.020501
10.585047248471373,0.023064
10.589216231239577,0.021783
10.593385214007782,0.020501
10.597554196775986,0.020501
10.60172317954419,0.020501
10.605892162312395,0.021783
10.6100611450806,0.021783
10.614230127848804,0.020501
10.618399110617009,0.020501
10.622568093385214,0.023064
10.626737076153418,0.020501
10.630906058921623,0.021783
10.635075041689827,0.020501
10.639244024458032,0.046128
10.643413007226236,0.051253
10.64758198999444,0.021783
10.651750972762645,0.021783
10.65591995553085,0.03844
10.660088938299054,0.025627
10.664257921067259,0.089693
10.668426903835464,0.084568
10.672595886603668,0.251141
10.676764869371873,0.124289
10.680933852140077,0.024345
10.685102834908282,0.627852
10.689271817676486,0.060223
10.69344080044469,0.178105
10.697609783212895,0.030752
10.7017787659811,0.020501
10.705947748749304,0.020501
10.710116731517509,0.020501
10.714285714285714,0.021783
10.718454697053918,0.020501
10.722623679822123,0.021783
10.726792662590327,0.021783
10.730961645358532,0.021783
10.735130628126736,0.01922
10.73929961089494,0.020501
10.743468593663145,0.021783
10.74763757643135,0.020501
10.751806559199554,0.023064
10.755975541967759,0.021783
10.760144524735964,0.020501
10.764313507504168,0.028189
10.768482490272373,0.061504
10.772651473040577,0.021783
10.776820455808782,0.097381
10.780989438576986,0.026908
10.78515842134519,0.120445
10.789327404113395,0.121726
10.7934963868816,0.020501
10.797665369649804,0.021783
10.80183435241801,0.021783
10.806003335186215,0.021783
10.81017231795442,0.021783
10.814341300722624,0.021783
10.818510283490829,0.021783
10.822679266259033,0.020501
10.826848249027238,0.021783
10.831017231795443,0.024345
10.835186214563647,0.020501
10.839355197331852,0.020501
10.843524180100056,0.021783
10.84769316286826,0.020501
10.851862145636465,0.020501
10.85603112840467,0.023064
10.860200111172874,0.020501
10.864369093941079,0.021783
10.868538076709283,0.020501
10.872707059477488,0.021783
10.876876042245692,0.020501
10.881045025013897,0.020501
10.885214007782102,0.025627
10.889382990550306,0.117882
10.89355197331851,0.024345
10.897720956086715,0.199888
10.90188993885492,0.829021
10.906058921623124,0.574303
10.910227904391329,0.443607
10.914396887159533,0.384666
10.918565869927738,0.370572
10.922734852695942,0.370572
10.926903835464147,0.36929
10.931072818232352,0.36929
10.935241801000556,0.368009
10.93941078376876,0.36929
10.943579766536965,0.368009
10.94774874930517,0.318037
10.951917732073374,0.0
10.956086714841579,0.0
10.960255697609783,0.0
10.964424680377988,0.016657
10.968593663146192,0.041003
10.972762645914397,0.017939
10.976931628682602,0.020501
10.981100611450806,0.01922
10.98526959421901,0.01922
10.989438576987215,0.020501
10.99360755975542,0.069192
10.997776542523624,0.021783
11.001945525291829,0.020501
11.006114508060033,0.025627
11.010283490828238,0.01922
11.014452473596442,0.123008
11.018621456364647,0.025627
11.022790439132852,0.064067
11.026959421901056,0.680387
11.03112840466926,0.958703
11.035297387437465,1.176529
11.03946637020567,1.61225
11.043635352973874,2.092849
11.047804335742079,2.579954
11.051973318510283,3.090423
11.056142301278488,3.587778
11.060311284046692,4.083911
11.064480266814897,4.582428
11.068649249583101,4.758731
11.072818232351306,3.96815
11.07698721511951,3.790045
11.081156197887715,3.290846
11.08532518065592,2.79233
11.089494163424124,2.294915
11.093663146192329,1.798841
11.097832128960533,1.288372
11.102001111728738,0.797423
11.106170094496942,0.32195
11.110339077265147,0.0
11.114508060033351,0.46256
11.118677042801556,0.534315
11.12284602556976,0.012813
11.127015008337965,0.615039
11.13118399110617,0.246016
11.135352973874374,0.060223
11.139521956642579,0.023064
11.143690939410783,0.020501
11.147859922178988,0.01922
11.152028904947192,0.021783
11.156197887715397,0.021783
11.160366870483601,0.021783
11.164535853251806,0.021783
11.16870483602001,0.020501
11.172873818788215,0.024345
11.17704280155642,0.046128
11.181211784324624,0.826459
11.185380767092829,1.176529
11.189549749861033,1.614813
11.193718732629238,2.092849
11.197887715397442,2.579954
11.202056698165647,3.091704
11.206225680933851,3.586497
11.210394663702056,4.083911
11.21456364647026,4.582428
11.218732629238465,4.766419
11.22290161200667,3.790045
11.227070594774874,3.290846
11.231239577543079,2.79233
11.235408560311283,2.294915
11.239577543079488,2.185803
11.243746525847692,3.091704
11.247915508615897,3.587778
11.252084491384101,4.083911
11.256253474152306,4.583709
11.26042245692051,4.97912
11.264591439688715,5.010285
11.26876042245692,5.007723
11.272929405225124,5.052569
11.277098387993329,5.065383
11.281267370761533,5.123043
11.285436353529738,5.133293
11.289605336297942,5.157639
11.293774319066147,5.000035
11.297943301834351,5.019255
11.302112284602558,4.953907
11.306281267370762,4.887278
11.310450250138967,4.960314
11.314619232907171,4.961595
11.318788215675376,4.288896
11.32295719844358,3.790045
11.327126181211785,3.290846
11.33129516397999,2.791048
11.335464146748194,2.294915
11.339633129516399,2.848251
11.343802112284603,3.022512
11.347971095052808,2.483271
11.352140077821012,3.586497
11.356309060589217,4.085193
11.360478043357421,4.582428
11.364647026125626,4.786921
11.36881600889383,4.908647
11.372984991662035,4.557562
11.37715397443024,4.831767
11.381322957198444,4.033498
11.385491939966649,3.790045
11.389660922734853,3.290846
11.393829905503058,2.79233
11.397998888271262,2.922767
11.402167871039467,3.193128
11.406336853807671,2.294915
11.410505836575876,1.798841
11.41467481934408,1.288372
11.418843802112285,0.799986
11.42301278488049,0.320669
11.427181767648694,0.364165
11.431350750416899,0.939483
11.435519733185103,0.137369
11.439688715953308,0.890792
11.443857698721512,1.104774
11.448026681489717,1.614813
11.452195664257921,0.799986
11.456364647026126,0.32195
11.46053362979433,1.176529
11.464702612562535,1.614813
11.46887159533074,2.092849
11.473040578098944,2.579954
11.477209560867148,3.090423
11.481378543635353,3.586497
11.485547526403558,4.083911
11.489716509171762,4.060925
11.493885491939967,4.582428
11.498054474708171,4.813828
11.502223457476376,4.821517
11.50639244024458,4.824079
11.510561423012785,4.840736
11.51473040578099,4.840736
11.518899388549194,4.888146
11.523068371317398,4.845862
11.527237354085603,3.995058
11.531406336853808,4.027092
11.535575319622012,4.702353
11.539744302390217,4.339736
11.543913285158421,4.380739
11.548082267926626,3.790045
11.55225125069483,3.290846
11.556420233463035,3.043471
11.56058921623124,4.062129
11.564758198999444,4.317192
11.568927181767648,4.577302
11.573096164535853,4.831767
11.577265147304058,4.830486
11.581434130072262,4.786921
11.585603112840467,4.057843
11.589772095608671,3.911772
11.593941078376876,3.290846
11.59811006114508,2.79233
11.602279043913285,2.294915
11.60644802668149,1.79756
11.610617009449694,1.288372
11.614785992217898,0.799986
11.618954974986103,0.32195
11.623123957754308,0.0
11.627292940522512,0.0
11.631461923290717,0.0
11.635630906058921,0.008969
11.639799888827126,0.188356
11.64396887159533,0.01922
11.648137854363535,0.445903
11.65230683713174,0.143509
11.656475819899944,0.035877
11.660644802668148,0.825177
11.664813785436353,1.039426
11.668982768204557,1.614813
11.673151750972762,1.722544
11.677320733740967,0.799986
11.681489716509171,0.83192
11.685658699277376,0.32195
11.68982768204558,0.288566
11.693996664813785,0.247564
11.69816564758199,0.174528
11.702334630350194,0.951015
11.706503613118398,1.176529
11.710672595886603,1.564841
11.714841578654807,1.043439
11.719010561423012,0.799986
11.723179544191217,0.32195
11.727348526959421,0.0
11.731517509727626,0.0
11.73568649249583,0.078161
11.739855475264035,0.008969
11.74402445803224,0.015376
11.748193440800444,0.017939
11.752362423568648,0.01922
11.756531406336853,0.01922
11.760700389105057,0.020501
11.764869371873262,0.021783
11.769038354641467,0.020501
11.773207337409671,0.021783
11.777376320177876,0.020501
11.78154530294608,0.020501
11.785714285714285,0.021783
11.78988326848249,0.021783
11.794052251250694,0.023064
11.798221234018898,0.020501
11.802390216787103,0.021783
11.80655919955531,0.021783
11.810728182323514,0.020501
11.814897165091718,0.021783
11.819066147859923,0.021783
11.823235130628127,0.024345
11.827404113396332,0.023064
11.831573096164536,0.023064
11.835742078932741,0.020501
11.839911061700946,0.024345
11.84408004446915,0.035877
11.848249027237355,0.042284
11.85241801000556,0.121726
11.856586992773764,0.028189
11.860755975541968,0.020501
11.864924958310173,0.024345
11.869093941078377,0.024345
11.873262923846582,0.033315
11.877431906614786,0.049972
11.881600889382991,0.020501
11.885769872151196,0.021783
11.8899388549194,0.021783
11.894107837687605,0.021783
11.89827682045581,0.023064
11.902445803224014,0.032033
11.906614785992218,0.023064
11.910783768760423,0.026908
11.914952751528627,0.029471
11.919121734296832,0.105069
11.923290717065036,0.078161
11.927459699833241,0.829021
11.931628682601445,0.938201
11.93579766536965,1.164997
11.939966648137855,0.493648
11.94413563090606,0.32195
11.948304613674264,0.0
11.952473596442468,0.0
11.956642579210673,0.0
11.960811561978877,0.010251
11.964980544747082,0.014095
11.969149527515286,0.01922
11.973318510283491,0.070473
11.977487493051695,0.023064
11.9816564758199,0.333146
11.985825458588105,0.061504
11.989994441356309,0.021783
11.994163424124514,0.020501
11.998332406892718,0.021783
12.002501389660923,0.021783
12.006670372429127,0.033315
12.010839355197332,0.030752
12.015008337965536,0.743172
12.019177320733741,0.384666
12.023346303501945,0.038707
12.02751528627015,0.0
12.031684269038355,0.0
12.035853251806559,0.666292
12.040022234574764,0.024345
12.044191217342968,0.01922
12.048360200111173,0.017939
12.052529182879377,0.017939
12.056698165647582,0.021783
12.060867148415786,0.020501
12.06503613118399,0.020501
12.069205113952195,0.020501
12.0733740967204,0.020501
12.077543079488605,0.023064
12.081712062256809,0.020501
12.085881045025014,0.020501
12.090050027793218,0.071755
12.094219010561423,0.053816
12.098387993329627,0.080724
12.102556976097832,0.061504
12.106725958866036,0.734203
12.11089494163424,1.016362
12.115063924402445,0.565403
12.11923290717065,0.338607
12.123401889938854,0.0
12.127570872707059,0.123008
12.131739855475264,0.042284
12.135908838243468,0.008969
12.140077821011673,0.015376
12.144246803779877,0.016657
12.148415786548082,0.020501
12.152584769316286,0.05766
12.15675375208449,0.021783
12.160922734852695,0.021783
12.1650917176209,0.170417
12.169260700389104,0.023064
12.173429683157309,0.020501
12.177598665925514,0.023064
12.181767648693718,0.024345
12.185936631461923,0.033315
12.190105614230127,0.032033
12.194274596998332,0.079443
12.198443579766536,0.034596
12.20261256253474,0.020501
12.206781545302945,0.023064
12.21095052807115,0.033315
12.215119510839354,0.021783
12.219288493607559,0.021783
12.223457476375764,0.023064
12.227626459143968,0.024345
12.231795441912173,0.440778
12.235964424680377,0.829021
12.240133407448582,0.39748
12.244302390216786,0.428231
12.24847137298499,0.329569
12.252640355753195,1.12015
12.2568093385214,0.400111
12.260978321289604,1.175247
12.265147304057809,0.82295
12.269316286826013,1.614813
12.273485269594218,2.092849
12.277654252362423,2.337782
12.281823235130627,2.579954
12.285992217898832,3.090423
12.290161200667036,3.58009
12.29433018343524,4.069817
12.298499166203445,4.582428
12.30266814897165,5.081627
12.306837131739856,5.580478
12.31100611450806,5.843779
12.315175097276265,6.079544
12.31934408004447,5.287222
12.323513062812674,4.787961
12.327682045580879,4.288896
12.331851028349083,3.790045
12.336020011117288,4.355632
12.340188993885493,4.582428
12.344357976653697,5.081627
12.348526959421902,5.57279
12.352695942190106,6.079544
12.35686492495831,5.530675
12.361033907726515,6.249502
12.36520289049472,5.581928
12.369371873262924,5.287222
12.373540856031129,5.244115
12.377709838799333,5.756648
12.381878821567538,5.838653
12.386047804335742,6.06673
12.390216787103947,5.479422
12.394385769872152,5.530675
12.398554752640356,5.287222
12.40272373540856,4.787961
12.406892718176765,4.290177
12.41106170094497,3.790045
12.415230683713174,3.290846
12.419399666481379,2.79233
12.423568649249583,2.294915
12.427737632017788,3.090423
12.431906614785992,3.586497
12.436075597554197,3.767423
12.440244580322402,4.083911
12.444413563090606,4.582428
12.44858254585881,3.790045
12.452751528627015,3.290846
12.45692051139522,2.79233
12.461089494163424,2.294915
12.465258476931629,1.798841
12.469427459699833,1.288372
12.473596442468038,0.801267
12.477765425236242,0.320669
12.481934408004447,0.0
12.486103390772652,0.0
12.490272373540856,0.012813
12.49444135630906,0.023064
12.498610339077265,0.026908
12.50277932184547,0.386962
12.506948304613674,0.679105
12.511117287381879,0.379541
12.515286270150083,0.699874
12.519455252918288,0.075865
12.523624235686492,0.707562
12.527793218454697,0.906168
12.531962201222901,0.899761
12.536131183991106,0.789567
12.54030016675931,0.430794
12.544469149527515,0.0
12.54863813229572,0.0
12.552807115063924,0.05766
12.556976097832129,0.131977
12.561145080600333,0.557379
12.565314063368538,0.062785
12.569483046136742,0.017939
12.573652028904947,0.246016
12.577821011673151,0.315207
12.581989994441356,0.671417
12.58615897720956,0.506393
12.590327959977765,0.328288
12.59449694274597,0.0
12.598665925514174,0.0
12.602834908282379,0.012813
12.607003891050583,0.026908
12.611172873818788,0.01922
12.615341856586992,0.01922
12.619510839355197,0.074317
12.623679822123401,0.82774
12.627848804891606,1.175247
12.63201778765981,1.613532
12.636186770428015,1.68026
12.64035575319622,0.799986
12.644524735964424,0.32195
12.648693718732629,0.0
12.652862701500833,0.0
12.657031684269038,0.0
12.661200667037242,0.007688
12.665369649805447,0.015376
12.669538632573651,0.017939
12.673707615341856,0.01922
12.67787659811006,0.021783
12.682045580878265,0.020501
12.68621456364647,0.023064
12.690383546414674,0.020501
12.694552529182879,0.021783
12.698721511951083,0.020501
12.702890494719288,0.020501
12.707059477487492,0.021783
12.711228460255697,0.020501
12.715397443023901,0.028189
12.719566425792106,0.024345
12.72373540856031,0.178105
12.727904391328515,0.533034
12.73207337409672,0.729077
12.736242356864924,0.475641
12.740411339633129,0.136088
12.744580322401333,0.0
12.748749305169538,0.352366
12.752918287937742,0.740609
12.757087270705947,1.176529
12.761256253474151,0.493648
12.765425236242356,1.306012
12.76959421901056,1.359828
12.773763201778765,1.372642
12.77793218454697,1.613532
12.782101167315174,2.091567
12.786270150083379,2.579954
12.790439132851583,2.042294
12.794608115619788,1.798841
12.798777098387992,1.287091
12.802946081156197,0.917868
12.807115063924403,0.895986
12.811284046692608,1.580217
12.815453029460812,0.799986
12.819622012229017,0.916488
12.823790994997221,0.32195
12.827959977765426,0.0
12.83212896053363,0.0
12.836297943301835,0.0
12.84046692607004,0.008969
12.844635908838244,0.016657
12.848804891606449,0.047409
12.852973874374653,0.01922
12.857142857142858,0.021783
12.861311839911062,0.231921
12.865480822679267,0.704732
12.869649805447471,0.343664
12.873818788215676,0.524331
12.87798777098388,0.015643
12.882156753752085,0.120445
12.88632573652029,0.089693
12.890494719288494,0.103788
12.894663702056699,0.016657
12.898832684824903,0.016657
12.903001667593108,0.021783
12.907170650361312,0.03844
12.911339633129517,0.021783
12.915508615897721,0.020501
12.919677598665926,0.021783
12.92384658143413,0.024345
12.928015564202335,0.023064
12.93218454697054,0.078161
12.936353529738744,0.709857
12.940522512506949,1.176529
12.944691495275153,0.47571
12.948860478043358,0.32195
12.953029460811562,0.398761
12.957198443579767,0.892073
12.961367426347971,1.175247
12.965536409116176,1.61225
12.96970539188438,0.887116
12.973874374652585,0.660221
12.97804335742079,1.244508
12.982212340188994,1.613532
12.986381322957198,1.043439
12.990550305725403,0.799986
12.994719288493608,0.32195
12.998888271261812,0.0
13.003057254030017,0.0
13.007226236798221,0.010251
13.011395219566426,0.012813
13.01556420233463,0.015376
13.019733185102835,0.01922
13.02390216787104,0.334427
13.028071150639244,0.058941
13.032240133407448,0.303675
13.036409116175653,0.290862
13.040578098943858,0.023064
13.044747081712062,0.023064
13.048916064480267,0.023064
13.053085047248471,0.020501
13.057254030016676,0.023064
13.06142301278488,0.020501
13.065591995553085,0.026908
13.06976097832129,0.023064
13.073929961089494,0.021783
13.078098943857698,0.020501
13.082267926625903,0.021783
13.086436909394108,0.023064
13.090605892162312,0.024345
13.094774874930517,0.023064
13.098943857698721,0.709857
13.103112840466926,0.566615
13.10728182323513,0.287285
13.111450806003335,0.0
13.11561978877154,0.0
13.119788771539744,0.043565
13.123957754307948,0.041003
13.128126737076153,0.056379
13.132295719844358,0.085849
13.136464702612562,0.07688
13.140633685380767,0.171698
13.144802668148971,0.699607
13.148971650917176,1.176529
13.15314063368538,1.613532
13.157309616453585,1.17029
13.16147859922179,2.092849
13.165647581989994,2.579954
13.169816564758198,2.042294
13.173985547526403,1.798841
13.178154530294607,2.337782
13.182323513062812,2.579954
13.186492495831017,3.090423
13.190661478599221,3.587778
13.194830461367426,2.94609
13.19899944413563,2.79233
13.203168426903835,2.296196
13.20733740967204,1.798841
13.211506392440244,1.287091
13.215675375208448,0.799986
13.219844357976653,0.32195
13.224013340744857,0.269346
13.228182323513062,0.314193
13.232351306281267,0.560209
13.236520289049471,0.828007
13.240689271817676,0.195029
13.24485825458588,0.0
13.249027237354085,0.0
13.25319622012229,0.0
13.257365202890494,0.679105
13.261534185658698,0.530738
13.265703168426903,0.743439
13.269872151195107,0.601211
13.274041133963312,0.98561
13.278210116731517,0.401323
13.282379099499721,1.175247
13.286548082267926,1.613532
13.29071706503613,2.092849
13.294886047804335,2.579954
13.29905503057254,3.090423
13.303224013340744,3.567277
13.307392996108948,3.38943
13.311561978877155,3.695668
13.31573096164536,3.695668
13.319899944413564,3.698231
13.324068927181768,3.693105
13.328237909949973,3.68798
13.332406892718177,3.717451
13.336575875486382,3.758453
13.340744858254586,3.776392
13.344913841022791,3.781517
13.349082823790996,3.790487
13.3532518065592,3.778955
13.357420789327405,3.780236
13.36158977209561,3.782799
13.365758754863814,3.776392
13.369927737632018,3.767423
13.374096720400223,3.76486
13.378265703168427,3.749484
13.382434685936632,3.746921
13.386603668704836,3.740515
13.390772651473041,3.735389
13.394941634241246,3.725139
13.39911061700945,3.718732
13.403279599777655,3.718732
13.40744858254586,3.677729
13.411617565314064,2.79233
13.415786548082268,2.294915
13.419955530850473,1.798841
13.424124513618677,1.288372
13.428293496386882,0.799986
13.432462479155086,0.32195
13.436631461923291,0.0
13.440800444691495,0.0
13.4449694274597,0.0
13.449138410227905,0.008969
13.45330739299611,0.014095
13.457476375764314,0.017939
13.461645358532518,0.01922
13.465814341300723,0.020501
13.469983324068927,0.020501
13.474152306837132,0.021783
13.478321289605336,0.023064
13.482490272373541,0.020501
13.486659255141745,0.023064
13.49082823790995,0.021783
13.494997220678155,0.021783
13.499166203446359,0.023064
13.503335186214564,0.020501
13.507504168982768,0.021783
13.511673151750973,0.021783
13.515842134519177,0.023064
13.520011117287382,0.020501
13.524180100055586,0.021783
13.528349082823791,0.020501
13.532518065591995,0.021783
13.5366870483602,0.023064
13.540856031128405,0.023064
13.545025013896609,0.021783
13.549193996664814,0.024345
13.553362979433018,0.023064
13.557531962201223,0.03844
13.561700944969427,0.039721
13.565869927737632,0.065348
13.570038910505836,0.0961
13.57420789327404,0.041003
13.578376876042245,0.035877
13.58254585881045,0.032033
13.586714841578655,0.030752
13.590883824346859,0.034596
13.595052807115064,0.03844
13.599221789883268,0.041003
13.603390772651473,0.044847
13.607559755419677,0.039721
13.611728738187882,0.043565
13.615897720956086,0.089693
13.62006670372429,0.074317
13.624235686492495,0.071755
13.6284046692607,0.167854
13.632573652028904,0.740609
13.636742634797109,0.968953
13.640911617565314,1.002268
13.645080600333518,0.539707
13.649249583101723,1.175247
13.653418565869927,1.613532
13.657587548638132,2.092849
13.661756531406336,1.586922
13.66592551417454,2.579954
13.670094496942745,3.090423
13.67426347971095,3.425049
13.678432462479154,3.41608
13.682601445247359,3.421205
13.686770428015564,3.395579
13.690939410783768,3.387891
13.695108393551973,3.325105
13.699277376320177,3.109842
13.703446359088382,3.380203
13.707615341856586,2.529399
13.71178432462479,2.294915
13.715953307392995,1.79756
13.7201222901612,1.288372
13.724291272929404,0.799986
13.728460255697609,0.323231
13.732629238465814,0.0
13.736798221234018,0.0
13.740967204002223,0.0
13.745136186770427,0.008969
13.749305169538632,0.015376
13.753474152306836,0.01922
13.75764313507504,0.021783
13.761812117843245,0.01922
13.76598110061145,0.021783
13.770150083379654,0.021783
13.774319066147859,0.023064
13.778488048916063,0.020501
13.782657031684268,0.023064
13.786826014452473,0.021783
13.790994997220677,0.021783
13.795163979988882,0.021783
13.799332962757086,0.021783
13.80350194552529,0.023064
13.807670928293495,0.041003
13.811839911061702,0.023064
13.816008893829906,0.025627
13.82017787659811,0.023064
13.824346859366315,0.020501
13.82851584213452,0.023064
13.832684824902724,0.023064
13.836853807670929,0.021783
13.841022790439133,0.023064
13.845191773207338,0.024345
13.849360755975543,0.023064
13.853529738743747,0.020501
13.857698721511952,0.021783
13.861867704280156,0.023064
13.86603668704836,0.029471
13.870205669816565,0.029471
13.87437465258477,0.024345
13.878543635352974,0.026908
13.882712618121179,0.10635
13.886881600889383,0.138384
13.891050583657588,0.52919
13.895219566425792,0.029471
13.899388549193997,0.020501
13.903557531962202,0.021783
13.907726514730406,0.021783
13.91189549749861,0.055097
13.916064480266815,0.338271
13.92023346303502,0.028189
13.924402445803224,0.023064
13.928571428571429,0.021783
13.932740411339633,0.023064
13.936909394107838,0.021783
13.941078376876042,0.023064
13.945247359644247,0.021783
13.949416342412452,0.023064
13.953585325180656,0.233202
13.95775430794886,0.416433
13.961923290717065,0.023064
13.96609227348527,0.021783
13.970261256253474,0.026908
13.974430239021679,0.679105
13.978599221789883,0.626838
13.982768204558088,1.156027
13.986937187326292,1.552028
13.991106170094497,1.016531
13.995275152862702,1.898086
13.999444135630906,2.091567
14.00361311839911,1.570265
14.007782101167315,2.337782
14.01195108393552,2.579954
14.016120066703724,3.055827
14.020289049471929,3.100872
14.024458032240133,2.73313
14.028627015008338,2.816417
14.032795997776542,2.75235
14.036964980544747,2.774133
14.041133963312951,2.296196
14.045302946081156,2.016668
14.04947192884936,1.798841
14.053640911617565,1.288372
14.05780989438577,1.029344
14.061978877153974,2.091567
14.066147859922179,2.579954
14.070316842690383,2.880285
14.074485825458588,2.871315
14.078654808226792,1.947476
14.082823790994997,1.79756
14.086992773763201,1.288372
14.091161756531406,0.801267
14.09533073929961,0.32195
14.099499722067815,1.175247
14.10366870483602,1.475148
14.107837687604224,2.091567
14.112006670372429,2.446695
14.116175653140633,2.550983
14.120344635908838,1.798841
14.124513618677042,1.289653
14.128682601445247,0.798704
14.132851584213451,0.32195
14.137020566981656,0.0
14.14118954974986,0.0
14.145358532518065,0.0
14.14952751528627,0.012813
14.153696498054474,0.043565
14.157865480822679,0.053816
14.162034463590883,0.659885
14.166203446359088,0.82774
14.170372429127292,0.200155
14.174541411895497,0.0
14.178710394663701,0.0
14.182879377431906,0.0
14.18704836020011,0.010251
14.191217342968315,0.016657
14.19538632573652,0.01922
14.199555308504724,0.020501
14.203724291272929,0.064067
14.207893274041133,0.199888
14.212062256809338,0.024345
14.216231239577542,0.028189
14.220400222345747,0.124289
14.224569205113951,0.041003
14.228738187882156,0.726515
14.23290717065036,1.175247
14.237076153418565,0.416769
14.24124513618677,0.849789
14.245414118954974,1.162434
14.249583101723179,0.323231
14.253752084491383,0.0
14.257921067259588,0.0
14.262090050027792,0.0
14.266259032795997,0.011532
14.270428015564201,0.015376
14.274596998332406,0.021783
14.27876598110061,0.020501
14.282934963868815,0.021783
14.28710394663702,0.025627
14.291272929405224,0.042284
14.295441912173429,0.107632
14.299610894941633,0.029471
14.303779877709838,0.034596
14.307948860478042,0.023064
14.312117843246247,0.56763
14.316286826014453,0.811083
14.320455808782658,1.16756
14.324624791550862,1.458491
14.328793774319067,1.522656
14.332962757087271,1.532907
14.337131739855476,1.489342
14.34130072262368,1.559815
14.345469705391885,1.567503
14.34963868816009,1.577754
14.353807670928294,1.588004
14.357976653696499,1.596974
14.362145636464703,1.61235
14.366314619232908,1.617475
14.370483602001112,1.63157
14.374652584769317,1.645664
14.378821567537521,1.650789
14.382990550305726,1.655915
14.38715953307393,1.663603
14.391328515842135,1.667447
14.39549749861034,1.672572
14.399666481378544,1.677697
14.403835464146749,1.68026
14.408004446914953,1.681541
14.412173429683158,1.687948
14.416342412451362,1.691792
14.420511395219567,1.695636
14.424680377987771,1.703324
14.428849360755976,1.705887
14.43301834352418,1.708449
14.437187326292385,1.709731
14.44135630906059,1.712293
14.445525291828794,1.713575
14.449694274596999,1.7187
14.453863257365203,1.721263
14.458032240133408,1.726388
14.462201222901612,1.727669
14.466370205669817,1.727669
14.470539188438021,1.732795
14.474708171206226,1.728951
14.47887715397443,1.728951
14.483046136742635,1.726388
14.48721511951084,1.728951
14.491384102279044,1.732795
14.495553085047248,1.732795
14.499722067815453,1.736639
14.503891050583658,1.732795
14.508060033351862,1.730232
14.512229016120067,1.732795
14.516397998888271,1.732795
14.520566981656476,1.734076
14.52473596442468,1.734076
14.528904947192885,1.734076
14.53307392996109,1.739201
14.537242912729294,1.739201
14.541411895497498,1.741764
14.545580878265703,1.746889
14.549749861033908,1.750733
14.553918843802112,1.749452
14.558087826570317,1.748171
14.562256809338521,1.753296
14.566425792106726,1.755859
14.57059477487493,1.759703
14.574763757643135,1.75714
14.57893274041134,1.760984
14.583101723179544,1.759703
14.587270705947748,1.762265
14.591439688715953,1.763547
14.595608671484158,1.764828
14.599777654252362,1.762265
14.603946637020567,1.759703
14.608115619788771,1.760984
14.612284602556976,1.759703
14.61645358532518,1.763547
14.620622568093385,1.760984
14.62479155086159,1.767391
14.628960533629794,1.773797
14.633129516397998,1.768672
14.637298499166203,1.778923
14.641467481934408,1.772516
14.645636464702612,0.996029
14.649805447470817,0.989623
14.653974430239021,1.755859
14.658143413007226,1.755859
14.66231239577543,1.749452
14.666481378543635,1.745608
14.67065036131184,1.708449
14.674819344080044,1.702043
14.678988326848248,1.700761
14.683157309616453,1.709731
14.687326292384657,1.713575
14.691495275152862,1.725107
14.695664257921067,1.735357
14.699833240689271,1.735357
14.704002223457476,1.700761
14.70817120622568,1.709731
14.712340188993885,1.713575
14.71650917176209,1.725107
14.720678154530294,1.735357
14.724847137298498,1.735357
14.729016120066703,1.732795
14.733185102834907,1.732795
14.737354085603112,1.73792
14.741523068371317,1.735357
14.745692051139521,1.73792
14.749861033907726,1.696917
14.75403001667593,1.746889
14.758198999444135,1.750733
14.76236798221234,1.750733
14.766536964980544,1.550846
14.770705947748748,1.746889
14.774874930516953,1.744327
14.779043913285157,1.746889
14.783212896053362,1.749452
14.787381878821567,1.743045
14.791550861589771,1.736639
14.795719844357976,1.745608
14.79988882712618,1.745608
14.804057809894385,1.743045
14.80822679266259,1.740483
14.812395775430794,1.740483
14.816564758199,1.744327
14.820733740967205,1.745608
14.82490272373541,1.745608
14.829071706503614,1.748171
14.833240689271818,1.744327
14.837409672040023,1.739201
14.841578654808227,1.73792
14.845747637576432,1.739201
14.849916620344636,1.73792
14.854085603112841,1.735357
14.858254585881046,1.734076
14.86242356864925,1.728951
14.866592551417455,1.717419
14.87076153418566,1.716137
14.874930516953864,1.717419
14.879099499722068,1.709731
14.883268482490273,1.698199
14.887437465258477,1.695636
14.891606448026682,1.703324
14.895775430794886,1.696917
14.899944413563091,1.695636
14.904113396331296,1.696917
14.9082823790995,1.691792
14.912451361867705,1.687948
14.91662034463591,1.684104
14.920789327404114,1.684104
14.924958310172318,1.684104
14.929127292940523,1.682823
14.933296275708727,1.68026
14.937465258476932,1.676416
14.941634241245136,1.676416
14.945803224013341,1.671291
14.949972206781545,1.672572
14.95414118954975,1.668728
14.958310172317955,1.668728
14.962479155086159,1.663603
14.966648137854364,1.663603
14.970817120622568,1.659759
14.974986103390773,1.654633
14.979155086158977,1.653352
14.983324068927182,1.648227
14.987493051695386,1.646945
14.991662034463591,1.636695
14.995831017231795,1.632851
15.0,1.630288
