time_minutes,eda_microsiemens
0.0,2.738777
0.004168982768204558,2.749021
0.008337965536409116,2.755424
0.012506948304613675,2.750302
0.016675931072818232,2.749021
0.02084491384102279,2.751582
0.02501389660922735,2.747741
0.029182879377431907,2.743899
0.033351862145636464,2.74646
0.03752084491384102,2.741338
0.04168982768204558,2.741338
0.045858810450250136,2.738777
0.0500277932184547,2.741338
0.05419677598665926,2.743899
0.058365758754863814,2.742619
0.06253474152306837,2.74518
0.06670372429127293,2.74646
0.07087270705947749,2.755424
0.07504168982768204,2.755424
0.0792106725958866,2.749021
0.08337965536409116,2.754143
0.08754863813229571,2.756705
0.09171762090050027,2.761827
0.09588660366870483,2.759266
0.1000555864369094,2.761827
0.10422456920511396,2.760546
0.10839355197331851,2.759266
0.11256253474152307,2.757985
0.11673151750972763,2.763107
0.12090050027793219,2.760546
0.12506948304613674,2.759266
0.12923846581434129,2.756705
0.13340744858254586,2.759266
0.13757643135075043,2.756705
0.14174541411895497,2.761827
0.14591439688715954,2.755424
0.15008337965536409,2.757985
0.15425236242356866,2.755424
0.1584213451917732,2.750302
0.16259032795997777,2.754143
0.16675931072818231,2.752863
0.17092829349638688,2.757985
0.17509727626459143,2.756705
0.179266259032796,2.754143
0.18343524180100054,2.756705
0.1876042245692051,2.757985
0.19177320733740966,2.756705
0.19594219010561423,2.755424
0.2001111728738188,2.749021
0.20428015564202334,2.738777
0.2084491384102279,2.733654
0.21261812117843246,2.734935
0.21678710394663703,2.729813
0.22095608671484157,2.720849
0.22512506948304614,2.720849
0.22929405225125069,2.720849
0.23346303501945526,2.717007
0.2376320177876598,2.718288
0.24180100055586437,2.710604
0.2459699833240689,2.711885
0.2501389660922735,2.713166
0.25430794886047803,2.711885
0.25847693162868257,2.710604
0.26264591439688717,2.710604
0.2668148971650917,2.742619
0.27098387993329626,2.749021
0.27515286270150086,2.749021
0.2793218454697054,2.74646
0.28349082823790994,2.74646
0.2876598110061145,2.742619
0.2918287937743191,2.750302
0.2959977765425236,2.76951
0.30016675931072817,2.770791
0.3043357420789327,2.76951
0.3085047248471373,2.770791
0.31267370761534186,2.76823
0.3168426903835464,2.76951
0.32101167315175094,2.76823
0.32518065591995554,2.766949
0.3293496386881601,2.770791
0.33351862145636463,2.775913
0.3376876042245692,2.770791
0.34185658699277377,2.766949
0.3460255697609783,2.770791
0.35019455252918286,2.76823
0.35436353529738746,2.770791
0.358532518065592,2.764388
0.36270150083379654,2.750302
0.3668704836020011,2.738777
0.3710394663702057,2.742619
0.3752084491384102,2.741338
0.37937743190661477,2.741338
0.3835464146748193,2.741338
0.3877153974430239,2.764388
0.39188438021122846,2.798963
0.396053362979433,2.809208
0.4002223457476376,2.81561
0.40439132851584214,2.809208
0.4085603112840467,2.811769
0.4127292940522512,2.807927
0.4168982768204558,2.809208
0.42106725958866037,2.810488
0.4252362423568649,2.807927
0.42940522512506946,2.809208
0.43357420789327406,2.807927
0.4377431906614786,2.807927
0.44191217342968314,2.797683
0.4460811561978877,2.749021
0.4502501389660923,2.74646
0.4544191217342968,2.76823
0.45858810450250137,2.777194
0.4627570872707059,2.781035
0.4669260700389105,2.783596
0.47109505280711506,2.784877
0.4752640355753196,2.781035
0.4794330183435242,2.781035
0.48360200111172874,2.781035
0.4877709838799333,2.779755
0.4919399666481378,2.782316
0.4961089494163424,2.781035
0.500277932184547,2.779755
0.5044469149527515,2.778474
0.5086158977209561,2.779755
0.5127848804891606,2.782316
0.5169538632573651,2.778474
0.5211228460255698,2.775913
0.5252918287937743,2.777194
0.5294608115619789,2.777194
0.5336297943301834,2.778474
0.537798777098388,2.778474
0.5419677598665925,2.775913
0.5461367426347971,2.772071
0.5503057254030017,2.773352
0.5544747081712063,2.772071
0.5586436909394108,2.777194
0.5628126737076153,2.770791
0.5669816564758199,2.773352
0.5711506392440244,2.766949
0.575319622012229,2.772071
0.5794886047804335,2.76823
0.5836575875486382,2.766949
0.5878265703168427,2.76823
0.5919955530850473,2.773352
0.5961645358532518,2.76951
0.6003335186214563,2.772071
0.6045025013896609,2.774632
0.6086714841578654,2.774632
0.6128404669260701,2.76951
0.6170094496942746,2.770791
0.6211784324624792,2.770791
0.6253474152306837,2.76951
0.6295163979988883,2.772071
0.6336853807670928,2.774632
0.6378543635352973,2.773352
0.6420233463035019,2.773352
0.6461923290717065,2.76951
0.6503613118399111,2.807927
0.6545302946081156,2.773352
0.6586992773763202,2.774632
0.6628682601445247,2.76951
0.6670372429127293,2.772071
0.6712062256809338,2.764388
0.6753752084491385,2.76823
0.679544191217343,2.76951
0.6837131739855475,2.770791
0.6878821567537521,2.766949
0.6920511395219566,2.76823
0.6962201222901612,2.76823
0.7003891050583657,2.76823
0.7045580878265703,2.766949
0.7087270705947749,2.766949
0.7128960533629795,2.765669
0.717065036131184,2.765669
0.7212340188993885,2.763107
0.7254030016675931,2.781035
0.7295719844357976,2.804085
0.7337409672040022,2.770791
0.7379099499722068,2.772071
0.7420789327404114,2.773352
0.7462479155086159,2.76823
0.7504168982768205,2.774632
0.754585881045025,2.76951
0.7587548638132295,2.76823
0.7629238465814341,2.764388
0.7670928293496386,2.76951
0.7712618121178433,2.76823
0.7754307948860478,2.76823
0.7795997776542524,2.770791
0.7837687604224569,2.766949
0.7879377431906615,2.766949
0.792106725958866,2.766949
0.7962757087270705,2.765669
0.8004446914952752,2.764388
0.8046136742634797,2.766949
0.8087826570316843,2.763107
0.8129516397998888,2.765669
0.8171206225680934,2.764388
0.8212896053362979,2.761827
0.8254585881045025,2.760546
0.829627570872707,2.760546
0.8337965536409117,2.763107
0.8379655364091162,2.757985
0.8421345191773207,2.761827
0.8463035019455253,2.759266
0.8504724847137298,2.765669
0.8546414674819344,2.766949
0.8588104502501389,2.76951
0.8629794330183435,2.76823
0.8671484157865481,2.76823
0.8713173985547527,2.770791
0.8754863813229572,2.766949
0.8796553640911617,2.766949
0.8838243468593663,2.793841
0.8879933296275708,2.76951
0.8921623123957754,2.766949
0.89633129516398,2.759266
0.9005002779321846,2.757985
0.9046692607003891,2.756705
0.9088382434685937,2.752863
0.9130072262367982,2.755424
0.9171762090050027,2.772071
0.9213451917732073,2.770791
0.9255141745414118,2.775913
0.9296831573096165,2.775913
0.933852140077821,2.779755
0.9380211228460256,2.764388
0.9421901056142301,2.759266
0.9463590883824347,2.788719
0.9505280711506392,2.784877
0.9546970539188437,2.793841
0.9588660366870484,2.798963
0.9630350194552529,2.773352
0.9672040022234575,2.773352
0.971372984991662,2.784877
0.9755419677598666,2.786157
0.9797109505280711,2.778474
0.9838799332962757,2.781035
0.9880489160644802,2.777194
0.9922178988326849,2.775913
0.9963868816008894,2.775913
1.000555864369094,2.777194
1.0047248471372985,2.775913
1.008893829905503,2.765669
1.0130628126737076,2.774632
1.0172317954419121,2.784877
1.0214007782101167,2.787438
1.0255697609783212,2.782316
1.0297387437465257,2.782316
1.0339077265147303,2.786157
1.038076709282935,2.784877
1.0422456920511396,2.784877
1.0464146748193441,2.782316
1.0505836575875487,2.778474
1.0547526403557532,2.773352
1.0589216231239578,2.781035
1.0630906058921623,2.782316
1.0672595886603669,2.786157
1.0714285714285714,2.783596
1.075597554196776,2.777194
1.0797665369649805,2.775913
1.083935519733185,2.775913
1.0881045025013896,2.781035
1.0922734852695941,2.778474
1.0964424680377987,2.777194
1.1006114508060034,2.775913
1.104780433574208,2.778474
1.1089494163424125,2.778474
1.113118399110617,2.778474
1.1172873818788216,2.779755
1.1214563646470261,2.778474
1.1256253474152307,2.775913
1.1297943301834352,2.775913
1.1339633129516398,2.772071
1.1381322957198443,2.774632
1.1423012784880489,2.775913
1.1464702612562534,2.773352
1.150639244024458,2.770791
1.1548082267926625,2.766949
1.158977209560867,2.76951
1.1631461923290718,2.765669
1.1673151750972763,2.760546
1.1714841578654809,2.759266
1.1756531406336854,2.754143
1.17982212340189,2.756705
1.1839911061700945,2.759266
1.188160088938299,2.757985
1.1923290717065036,2.755424
1.1964980544747081,2.757985
1.2006670372429127,2.755424
1.2048360200111172,2.752863
1.2090050027793218,2.760546
1.2131739855475263,2.764388
1.2173429683157309,2.763107
1.2215119510839354,2.761827
1.2256809338521402,2.759266
1.2298499166203447,2.763107
1.2340188993885493,2.761827
1.2381878821567538,2.765669
1.2423568649249583,2.765669
1.2465258476931629,2.763107
1.2506948304613674,2.764388
1.254863813229572,2.761827
1.2590327959977765,2.757985
1.263201778765981,2.76823
1.2673707615341856,2.759266
1.2715397443023901,2.757985
1.2757087270705947,2.760546
1.2798777098387992,2.763107
1.2840466926070038,2.763107
1.2882156753752085,2.749021
1.292384658143413,2.737496
1.2965536409116176,2.736216
1.3007226236798222,2.74646
1.3048916064480267,2.749021
1.3090605892162313,2.741338
1.3132295719844358,2.74646
1.3173985547526403,2.749021
1.3215675375208449,2.74646
1.3257365202890494,2.759266
1.329905503057254,2.76823
1.3340744858254585,2.773352
1.338243468593663,2.773352
1.3424124513618676,2.778474
1.3465814341300721,2.755424
1.350750416898277,2.747741
1.3549193996664814,2.747741
1.359088382434686,2.733654
1.3632573652028905,2.710604
1.367426347971095,2.674749
1.3715953307392996,2.659382
1.3757643135075042,2.624807
1.3799332962757087,1.862874
1.3841022790439133,2.537423
1.3882712618121178,2.734935
1.3924402445803223,2.747741
1.3966092273485269,2.76823
1.4007782101167314,2.787438
1.404947192884936,2.789999
1.4091161756531405,2.804085
1.4132851584213453,2.824574
1.4174541411895498,2.828416
1.4216231239577544,2.829696
1.425792106725959,2.824574
1.4299610894941635,2.828416
1.434130072262368,2.827135
1.4382990550305725,2.809208
1.442468037798777,2.813049
1.4466370205669816,2.807927
1.4508060033351862,2.807927
1.4549749861033907,2.810488
1.4591439688715953,2.798963
1.4633129516397998,2.805366
1.4674819344080043,2.805366
1.4716509171762089,2.813049
1.4758198999444136,2.820733
1.4799888827126182,2.818172
1.4841578654808227,2.823294
1.4883268482490273,2.807927
1.4924958310172318,2.818172
1.4966648137854364,2.822013
1.500833796553641,2.802805
1.5050027793218455,2.798963
1.50917176209005,2.805366
1.5133407448582545,2.801524
1.517509727626459,2.802805
1.5216787103946636,2.801524
1.5258476931628682,2.798963
1.5300166759310727,2.797683
1.5341856586992773,2.797683
1.538354641467482,2.800244
1.5425236242356866,2.786157
1.546692607003891,2.793841
1.5508615897720957,2.788719
1.5550305725403002,2.79128
1.5591995553085047,2.787438
1.5633685380767093,2.789999
1.5675375208449138,2.79128
1.5717065036131184,2.786157
1.575875486381323,2.786157
1.5800444691495275,2.775913
1.584213451917732,2.786157
1.5883824346859365,2.788719
1.592551417454141,2.788719
1.5967204002223456,2.784877
1.6008893829905504,2.782316
1.605058365758755,2.783596
1.6092273485269595,2.797683
1.613396331295164,2.784877
1.6175653140633686,2.784877
1.621734296831573,2.782316
1.6259032795997777,2.778474
1.6300722623679822,2.786157
1.6342412451361867,2.783596
1.6384102279043913,2.782316
1.6425792106725958,2.788719
1.6467481934408004,2.79128
1.650917176209005,2.79128
1.6550861589772095,2.787438
1.659255141745414,2.787438
1.6634241245136185,2.782316
1.6675931072818233,2.788719
1.6717620900500278,2.788719
1.6759310728182324,2.783596
1.680100055586437,2.787438
1.6842690383546415,2.787438
1.688438021122846,2.783596
1.6926070038910506,2.786157
1.696775986659255,2.781035
1.7009449694274597,2.782316
1.7051139521956642,2.782316
1.7092829349638687,2.783596
1.7134519177320733,2.779755
1.7176209005002778,2.787438
1.7217898832684824,2.783596
1.725958866036687,2.79128
1.7301278488048917,2.786157
1.7342968315730962,2.793841
1.7384658143413008,2.79128
1.7426347971095053,2.79256
1.7468037798777099,2.796402
1.7509727626459144,2.796402
1.755141745414119,2.79256
1.7593107281823235,2.79256
1.763479710950528,2.798963
1.7676486937187326,2.788719
1.771817676486937,2.79128
1.7759866592551417,2.793841
1.7801556420233462,2.793841
1.7843246247915507,2.79128
1.7884936075597553,2.79256
1.79266259032796,2.788719
1.7968315730961646,2.79256
1.8010005558643691,2.789999
1.8051695386325737,2.789999
1.8093385214007782,2.788719
1.8135075041689828,2.788719
1.8176764869371873,2.789999
1.8218454697053919,2.787438
1.8260144524735964,2.786157
1.830183435241801,2.786157
1.8343524180100055,2.74646
1.83852140077821,2.706763
1.8426903835464146,2.701641
1.846859366314619,2.691396
1.8510283490828237,2.687554
1.8551973318510284,2.683713
1.859366314619233,2.683713
1.8635352973874375,2.65554
1.867704280155642,2.741338
1.8718732629238466,2.757985
1.8760422456920511,2.779755
1.8802112284602557,2.778474
1.8843802112284602,2.775913
1.8885491939966648,2.779755
1.8927181767648693,2.781035
1.8968871595330739,2.773352
1.9010561423012784,2.777194
1.905225125069483,2.775913
1.9093941078376875,2.775913
1.913563090605892,2.774632
1.9177320733740968,2.777194
1.9219010561423013,2.779755
1.9260700389105059,2.778474
1.9302390216787104,2.777194
1.934408004446915,2.782316
1.9385769872151195,2.775913
1.942745969983324,2.778474
1.9469149527515286,2.778474
1.9510839355197331,2.777194
1.9552529182879377,2.775913
1.9594219010561422,2.778474
1.9635908838243468,2.781035
1.9677598665925513,2.778474
1.9719288493607559,2.781035
1.9760978321289604,2.773352
1.9802668148971652,2.779755
1.9844357976653697,2.775913
1.9886047804335742,2.778474
1.9927737632017788,2.778474
1.9969427459699833,2.781035
2.001111728738188,2.778474
2.0052807115063924,2.777194
2.009449694274597,2.773352
2.0136186770428015,2.773352
2.017787659811006,2.777194
2.0219566425792106,2.775913
2.026125625347415,2.777194
2.0302946081156197,2.775913
2.0344635908838242,2.774632
2.0386325736520288,2.775913
2.0428015564202333,2.777194
2.046970539188438,2.773352
2.0511395219566424,2.772071
2.055308504724847,2.777194
2.0594774874930515,2.773352
2.063646470261256,2.774632
2.0678154530294606,2.773352
2.0719844357976656,2.778474
2.07615341856587,2.76951
2.0803224013340746,2.770791
2.084491384102279,2.770791
2.0886603668704837,2.773352
2.0928293496386883,2.770791
2.096998332406893,2.76951
2.1011673151750974,2.765669
2.105336297943302,2.76951
2.1095052807115064,2.76951
2.113674263479711,2.770791
2.1178432462479155,2.766949
2.12201222901612,2.766949
2.1261812117843246,2.764388
2.130350194552529,2.766949
2.1345191773207337,2.770791
2.1386881600889383,2.76951
2.142857142857143,2.773352
2.1470261256253473,2.770791
2.151195108393552,2.770791
2.1553640911617564,2.773352
2.159533073929961,2.766949
2.1637020566981655,2.773352
2.16787103946637,2.76823
2.1720400222345746,2.76823
2.176209005002779,2.76951
2.1803779877709837,2.76951
2.1845469705391882,2.766949
2.1887159533073928,2.772071
2.1928849360755973,2.773352
2.197053918843802,2.770791
2.201222901612007,2.772071
2.2053918843802114,2.766949
2.209560867148416,2.76823
2.2137298499166205,2.76951
2.217898832684825,2.772071
2.2220678154530296,2.76823
2.226236798221234,2.773352
2.2304057809894386,2.772071
2.234574763757643,2.76951
2.2387437465258477,2.76951
2.2429127292940523,2.764388
2.247081712062257,2.766949
2.2512506948304614,2.76951
2.255419677598666,2.766949
2.2595886603668704,2.766949
2.263757643135075,2.766949
2.2679266259032795,2.763107
2.272095608671484,2.766949
2.2762645914396886,2.764388
2.280433574207893,2.766949
2.2846025569760977,2.76951
2.2887715397443023,2.765669
2.292940522512507,2.76951
2.2971095052807113,2.76823
2.301278488048916,2.763107
2.3054474708171204,2.763107
2.309616453585325,2.760546
2.3137854363535295,2.761827
2.317954419121734,2.761827
2.3221234018899386,2.764388
2.3262923846581436,2.763107
2.330461367426348,2.760546
2.3346303501945527,2.766949
2.338799332962757,2.760546
2.3429683157309618,2.763107
2.3471372984991663,2.763107
2.351306281267371,2.764388
2.3554752640355754,2.761827
2.35964424680378,2.761827
2.3638132295719845,2.761827
2.367982212340189,2.765669
2.3721511951083936,2.763107
2.376320177876598,2.763107
2.3804891606448026,2.763107
2.384658143413007,2.761827
2.3888271261812117,2.764388
2.3929961089494163,2.761827
2.397165091717621,2.763107
2.4013340744858254,2.764388
2.40550305725403,2.764388
2.4096720400222345,2.763107
2.413841022790439,2.761827
2.4180100055586435,2.764388
2.422178988326848,2.765669
2.4263479710950526,2.763107
2.430516953863257,2.763107
2.4346859366314617,2.764388
2.4388549193996663,2.760546
2.443023902167871,2.763107
2.4471928849360753,2.764388
2.4513618677042803,2.763107
2.455530850472485,2.763107
2.4596998332406894,2.761827
2.463868816008894,2.760546
2.4680377987770985,2.761827
2.472206781545303,2.759266
2.4763757643135076,2.759266
2.480544747081712,2.760546
2.4847137298499167,2.759266
2.488882712618121,2.764388
2.4930516953863258,2.759266
2.4972206781545303,2.761827
2.501389660922735,2.757985
2.5055586436909394,2.757985
2.509727626459144,2.754143
2.5138966092273485,2.754143
2.518065591995553,2.756705
2.5222345747637576,2.755424
2.526403557531962,2.759266
2.5305725403001667,2.759266
2.534741523068371,2.756705
2.5389105058365757,2.756705
2.5430794886047803,2.755424
2.547248471372985,2.755424
2.5514174541411894,2.755424
2.555586436909394,2.759266
2.5597554196775985,2.756705
2.563924402445803,2.757985
2.5680933852140075,2.757985
2.572262367982212,2.755424
2.576431350750417,2.756705
2.5806003335186216,2.765669
2.584769316286826,2.754143
2.5889382990550307,2.755424
2.5931072818232352,2.760546
2.59727626459144,2.754143
2.6014452473596443,2.756705
2.605614230127849,2.759266
2.6097832128960534,2.757985
2.613952195664258,2.756705
2.6181211784324625,2.754143
2.622290161200667,2.759266
2.6264591439688716,2.755424
2.630628126737076,2.760546
2.6347971095052807,2.757985
2.638966092273485,2.755424
2.6431350750416898,2.752863
2.6473040578098943,2.756705
2.651473040578099,2.756705
2.6556420233463034,2.754143
2.659811006114508,2.757985
2.6639799888827125,2.757985
2.668148971650917,2.756705
2.6723179544191216,2.757985
2.676486937187326,2.752863
2.6806559199555307,2.759266
2.684824902723735,2.754143
2.6889938854919397,2.755424
2.6931628682601443,2.761827
2.697331851028349,2.760546
2.701500833796554,2.757985
2.7056698165647584,2.756705
2.709838799332963,2.756705
2.7140077821011674,2.759266
2.718176764869372,2.756705
2.7223457476375765,2.754143
2.726514730405781,2.751582
2.7306837131739856,2.754143
2.73485269594219,2.755424
2.7390216787103947,2.755424
2.7431906614785992,2.755424
2.747359644246804,2.756705
2.7515286270150083,2.752863
2.755697609783213,2.754143
2.7598665925514174,2.751582
2.764035575319622,2.751582
2.7682045580878265,2.751582
2.772373540856031,2.751582
2.7765425236242356,2.755424
2.78071150639244,2.757985
2.7848804891606447,2.757985
2.789049471928849,2.756705
2.7932184546970538,2.756705
2.7973874374652583,2.756705
2.801556420233463,2.755424
2.8057254030016674,2.759266
2.809894385769872,2.760546
2.8140633685380765,2.760546
2.818232351306281,2.76951
2.8224013340744856,2.760546
2.8265703168426906,2.761827
2.830739299610895,2.761827
2.8349082823790996,2.764388
2.839077265147304,2.763107
2.8432462479155087,2.763107
2.8474152306837133,2.765669
2.851584213451918,2.765669
2.8557531962201224,2.759266
2.859922178988327,2.765669
2.8640911617565314,2.717007
2.868260144524736,2.644015
2.8724291272929405,2.325156
2.876598110061145,2.341803
2.8807670928293496,2.661943
2.884936075597554,2.731093
2.8891050583657587,2.498031
2.8932740411339632,2.400709
2.897443023902168,1.983246
2.9016120066703723,1.833421
2.905780989438577,2.11868
2.9099499722067814,1.31833
2.914118954974986,1.734313
2.9182879377431905,1.953289
2.922456920511395,1.31833
2.9266259032795996,1.660041
2.930794886047804,1.050494
2.9349638688160087,0.830238
2.9391328515842132,1.401268
2.9433018343524178,1.621525
2.9474708171206223,0.831518
2.9516397998888273,1.624086
2.955808782657032,1.065861
2.9599777654252364,0.831518
2.964146748193441,1.624086
2.9683157309616455,1.896944
2.97248471372985,1.964814
2.9766536964980546,2.171183
2.980822679266259,1.506573
2.9849916620344636,1.31833
2.989160644802668,2.085186
2.9933296275708727,2.011113
2.9974986103390773,1.361869
3.001667593107282,1.775291
3.0058365758754864,2.053173
3.010005558643691,2.021358
3.0141745414118954,1.400286
3.0183435241801,0.830238
3.0225125069483045,1.607439
3.026681489716509,2.059575
3.0308504724847136,2.062336
3.035019455252918,1.950927
3.0391884380211227,1.351625
3.0433574207893273,0.830238
3.047526403557532,1.401268
3.0516953863257363,1.624086
3.055864369093941,2.101834
3.0600333518621454,2.233931
3.06420233463035,2.268506
3.0683713173985545,2.286434
3.072540300166759,2.295398
3.076709282934964,2.3018
3.0808782657031686,2.309484
3.085047248471373,2.313325
3.0892162312395777,2.314606
3.093385214007782,2.319728
3.0975541967759868,2.321009
3.1017231795441913,2.324851
3.105892162312396,2.32357
3.1100611450806004,2.338937
3.114230127848805,2.350462
3.1183991106170095,2.359426
3.122568093385214,2.361987
3.1267370761534186,2.358145
3.130906058921623,2.360706
3.1350750416898276,2.361987
3.139244024458032,2.363267
3.1434130072262367,2.336375
3.1475819899944413,2.244175
3.151750972762646,2.370951
3.1559199555308504,2.422173
3.160088938299055,2.429856
3.1642579210672594,2.434979
3.168426903835464,2.441687
3.1725958866036685,2.441687
3.176764869371873,2.44937
3.1809338521400776,2.44809
3.185102834908282,2.454492
3.1892718176764867,2.457054
3.1934408004446913,2.457054
3.197609783212896,2.462176
3.201778765981101,2.467298
3.2059477487493053,2.467298
3.21011673151751,2.468579
3.2142857142857144,2.474981
3.218454697053919,2.473701
3.2226236798221235,2.478823
3.226792662590328,2.480104
3.2309616453585326,2.485226
3.235130628126737,2.486506
3.2392996108949417,2.482665
3.243468593663146,2.486506
3.2476375764313508,2.489068
3.2518065591995553,2.490348
3.25597554196776,2.491629
3.2601445247359644,2.492909
3.264313507504169,2.490348
3.2684824902723735,2.492909
3.272651473040578,2.490348
3.2768204558087826,2.491629
3.280989438576987,2.489068
3.2851584213451916,2.491629
3.289327404113396,2.491629
3.2934963868816007,2.496751
3.2976653696498053,2.498031
3.30183435241801,2.496751
3.3060033351862144,2.496751
3.310172317954419,2.498031
3.3143413007226235,2.498031
3.318510283490828,2.498031
3.3226792662590325,2.498031
3.326848249027237,2.501873
3.331017231795442,2.496751
3.3351862145636466,2.508276
3.339355197331851,2.533887
3.3435241801000557,2.535168
3.3476931628682602,2.530046
3.351862145636465,2.533887
3.3560311284046693,2.531326
3.360200111172874,2.537729
3.3643690939410784,2.537729
3.368538076709283,2.54029
3.3727070594774875,2.542851
3.376876042245692,2.54029
3.3810450250138966,2.539009
3.385214007782101,2.545412
3.3893829905503057,2.545412
3.39355197331851,2.54157
3.3977209560867148,2.545412
3.4018899388549193,2.545412
3.406058921623124,2.553096
3.4102279043913284,2.544132
3.414396887159533,2.549254
3.4185658699277375,2.549254
3.422734852695942,2.545412
3.4269038354641466,2.54157
3.431072818232351,2.544132
3.4352418010005557,2.556937
3.43941078376876,2.556937
3.4435797665369647,2.560779
3.4477487493051693,2.56334
3.451917732073374,2.56334
3.456086714841579,2.56334
3.4602556976097834,2.569743
3.464424680377988,2.569743
3.4685936631461924,2.572304
3.472762645914397,2.572304
3.4769316286826015,2.569743
3.481100611450806,2.569743
3.4852695942190106,2.572304
3.489438576987215,2.571023
3.4936075597554197,2.568462
3.4977765425236242,2.56462
3.501945525291829,2.569743
3.5061145080600333,2.565901
3.510283490828238,2.578707
3.5144524735964424,2.578707
3.518621456364647,2.582548
3.5227904391328515,2.578707
3.526959421901056,2.581268
3.5311284046692606,2.582548
3.535297387437465,2.585109
3.5394663702056697,2.588951
3.543635352973874,2.573585
3.5478043357420788,2.569743
3.5519733185102833,2.567182
3.556142301278488,2.571023
3.5603112840466924,2.571023
3.564480266814897,2.579987
3.5686492495831015,2.574865
3.572818232351306,2.576146
3.5769872151195106,2.579987
3.5811561978877156,2.579987
3.58532518065592,2.583829
3.5894941634241246,2.581268
3.593663146192329,2.583829
3.5978321289605337,2.572304
3.6020011117287383,2.565901
3.606170094496943,2.56462
3.6103390772651474,2.579987
3.614508060033352,2.60816
3.6186770428015564,2.603037
3.622846025569761,2.600476
3.6270150083379655,2.591512
3.63118399110617,2.604318
3.6353529738743746,2.605598
3.639521956642579,2.60816
3.6436909394107837,2.606879
3.6478599221789882,2.60816
3.652028904947193,2.60944
3.6561978877153973,2.612001
3.660366870483602,2.60816
3.6645358532518064,2.60816
3.668704836020011,2.610721
3.6728738187882155,2.604318
3.67704280155642,2.60944
3.6812117843246246,2.605598
3.685380767092829,2.610721
3.6895497498610337,2.615843
3.693718732629238,2.614563
3.6978877153974428,2.606879
3.7020566981656473,2.610721
3.7062256809338523,2.613282
3.710394663702057,2.60944
3.7145636464702614,2.612001
3.718732629238466,2.60944
3.7229016120066705,2.610721
3.727070594774875,2.60944
3.7312395775430796,2.610721
3.735408560311284,2.60944
3.7395775430794886,2.60816
3.743746525847693,2.604318
3.7479155086158977,2.617124
3.7520844913841023,2.620965
3.756253474152307,2.622246
3.7604224569205114,2.622246
3.764591439688716,2.623526
3.7687604224569204,2.624807
3.772929405225125,2.623526
3.7770983879933295,2.622246
3.781267370761534,2.63121
3.7854363535297386,2.623526
3.789605336297943,2.619685
3.7937743190661477,2.624807
3.7979433018343522,2.633771
3.802112284602557,2.627368
3.8062812673707613,2.619685
3.810450250138966,2.618404
3.8146192329071704,2.623526
3.818788215675375,2.619685
3.8229571984435795,2.622246
3.827126181211784,2.623526
3.831295163979989,2.624807
3.8354641467481936,2.617124
3.839633129516398,2.604318
3.8438021122846027,2.606879
3.847971095052807,2.612001
3.8521400778210118,2.618404
3.8563090605892163,2.615843
3.860478043357421,2.613282
3.8646470261256254,2.614563
3.86881600889383,2.615843
3.8729849916620345,2.617124
3.877153974430239,2.622246
3.8813229571984436,2.623526
3.885491939966648,2.629929
3.8896609227348526,2.63121
3.893829905503057,2.636332
3.8979988882712617,2.642735
3.9021678710394663,2.645296
3.906336853807671,2.65554
3.9105058365758754,2.65554
3.91467481934408,2.658102
3.9188438021122844,2.667065
3.923012784880489,2.665785
3.9271817676486935,2.661943
3.931350750416898,2.663224
3.9355197331851026,2.663224
3.939688715953307,2.661943
3.9438576987215117,2.661943
3.9480266814897162,2.665785
3.952195664257921,2.669626
3.956364647026126,2.668346
3.9605336297943303,2.668346
3.964702612562535,2.678591
3.9688715953307394,2.673468
3.973040578098944,2.676029
3.9772095608671485,2.672188
3.981378543635353,2.673468
3.9855475264035576,2.670907
3.989716509171762,2.668346
3.9938854919399667,2.670907
3.998054474708171,2.668346
4.002223457476376,2.664504
4.00639244024458,2.664504
4.010561423012785,2.660663
4.014730405780989,2.663224
4.018899388549194,2.660663
4.0230683713173985,2.660663
4.027237354085603,2.659382
4.031406336853808,2.65554
4.035575319622012,2.65426
4.039744302390217,2.65426
4.043913285158421,2.651699
4.048082267926626,2.650418
4.05225125069483,2.649137
4.056420233463035,2.645296
4.060589216231239,2.642735
4.064758198999444,2.642735
4.0689271817676484,2.647857
4.073096164535853,2.644015
4.0772651473040575,2.649137
4.081434130072262,2.645296
4.085603112840467,2.649137
4.089772095608671,2.650418
4.093941078376876,2.649137
4.09811006114508,2.651699
4.102279043913285,2.650418
4.106448026681489,2.652979
4.110617009449694,2.65426
4.114785992217898,2.652979
4.118954974986103,2.65554
4.1231239577543075,2.656821
4.127292940522512,2.660663
4.131461923290717,2.659382
4.135630906058921,2.663224
4.139799888827126,2.660663
4.143968871595331,2.664504
4.148137854363536,2.661943
4.15230683713174,2.669626
4.156475819899945,2.667065
4.160644802668149,2.67731
4.164813785436354,2.674749
4.168982768204558,2.67731
4.173151750972763,2.678591
4.1773207337409675,2.678591
4.181489716509172,2.686274
4.1856586992773765,2.686274
4.189827682045581,2.682432
4.193996664813786,2.67731
4.19816564758199,2.676029
4.202334630350195,2.656821
4.206503613118399,2.668346
4.210672595886604,2.67731
4.214841578654808,2.676029
4.219010561423013,2.673468
4.223179544191217,2.669626
4.227348526959422,2.669626
4.2315175097276265,2.667065
4.235686492495831,2.669626
4.239855475264036,2.670907
4.24402445803224,2.668346
4.248193440800445,2.669626
4.252362423568649,2.668346
4.256531406336854,2.669626
4.260700389105058,2.667065
4.264869371873263,2.669626
4.269038354641467,2.669626
4.273207337409672,2.668346
4.2773763201778765,2.665785
4.281545302946081,2.667065
4.285714285714286,2.664504
4.28988326848249,2.667065
4.294052251250695,2.668346
4.298221234018899,2.670907
4.302390216787104,2.669626
4.306559199555308,2.669626
4.310728182323513,2.668346
4.314897165091717,2.664504
4.319066147859922,2.668346
4.3232351306281265,2.668346
4.327404113396331,2.669626
4.331573096164536,2.667065
4.33574207893274,2.667065
4.339911061700945,2.667065
4.344080044469149,2.664504
4.348249027237354,2.665785
4.352418010005558,2.665785
4.356586992773763,2.667065
4.360755975541967,2.663224
4.364924958310172,2.667065
4.3690939410783765,2.661943
4.373262923846581,2.663224
4.3774319066147855,2.660663
4.38160088938299,2.661943
4.385769872151195,2.660663
4.389938854919399,2.658102
4.394107837687604,2.661943
4.398276820455809,2.660663
4.402445803224014,2.661943
4.406614785992218,2.660663
4.410783768760423,2.663224
4.414952751528627,2.663224
4.419121734296832,2.658102
4.423290717065036,2.663224
4.427459699833241,2.660663
4.4316286826014455,2.661943
4.43579766536965,2.659382
4.439966648137855,2.658102
4.444135630906059,2.663224
4.448304613674264,2.663224
4.452473596442468,2.661943
4.456642579210673,2.663224
4.460811561978877,2.660663
4.464980544747082,2.658102
4.469149527515286,2.659382
4.473318510283491,2.656821
4.4774874930516955,2.656821
4.4816564758199,2.658102
4.4858254585881046,2.638893
4.489994441356309,2.595354
4.494163424124514,2.588951
4.498332406892718,2.585109
4.502501389660923,2.588951
4.506670372429127,2.587671
4.510839355197332,2.594074
4.515008337965536,2.592793
4.519177320733741,2.592793
4.523346303501945,2.595354
4.52751528627015,2.603037
4.5316842690383545,2.612001
4.535853251806559,2.610721
4.540022234574764,2.610721
4.544191217342968,2.60944
4.548360200111173,2.60816
4.552529182879377,2.597915
4.556698165647582,2.583829
4.560867148415786,2.585109
4.565036131183991,2.583829
4.569205113952195,2.583829
4.5733740967204,2.585109
4.5775430794886045,2.58639
4.581712062256809,2.594074
4.585881045025014,2.591512
4.590050027793218,2.588951
4.594219010561423,2.591512
4.598387993329627,2.58639
4.602556976097832,2.583829
4.606725958866036,2.581268
4.610894941634241,2.577426
4.615063924402445,2.579987
4.61923290717065,2.568462
4.6234018899388545,2.430162
4.627570872707059,1.965319
4.631739855475264,2.642735
4.635908838243468,2.693957
4.640077821011673,2.729813
4.644246803779877,2.740057
4.648415786548083,2.742619
4.652584769316287,2.736216
4.656753752084492,2.743899
4.660922734852696,2.757985
4.665091717620901,2.774632
4.669260700389105,2.76823
4.67342968315731,2.804085
4.677598665925514,2.81561
4.681767648693719,2.83738
4.6859366314619235,2.836099
4.690105614230128,2.830977
4.694274596998333,2.832258
4.698443579766537,2.816891
4.702612562534742,2.81561
4.706781545302946,2.81433
4.710950528071151,2.81433
4.715119510839355,2.81561
4.71928849360756,2.824574
4.723457476375764,2.833538
4.727626459143969,2.848905
4.7317954419121735,2.850185
4.735964424680378,2.850185
4.740133407448583,2.874516
4.744302390216787,2.877077
4.748471372984992,2.880919
4.752640355753196,2.878358
4.756809338521401,2.873235
4.760978321289605,2.869394
4.76514730405781,2.862991
4.769316286826014,2.86043
4.773485269594219,2.862991
4.7776542523624235,2.859149
4.781823235130628,2.855308
4.785992217898833,2.854027
4.790161200667037,2.846344
4.794330183435242,2.846344
4.798499166203446,2.845063
4.802668148971651,2.842502
4.806837131739855,2.845063
4.81100611450806,2.839941
4.815175097276264,2.841222
4.819344080044469,2.83866
4.8235130628126734,2.836099
4.827682045580878,2.836099
4.8318510283490825,2.836099
4.836020011117287,2.833538
4.840188993885492,2.83738
4.844357976653696,2.834819
4.848526959421901,2.83738
4.852695942190105,2.83738
4.85686492495831,2.834819
4.861033907726514,2.83738
4.865202890494719,2.83738
4.869371873262923,2.83738
4.873540856031128,2.830977
4.8777098387993325,2.833538
4.881878821567537,2.832258
4.886047804335742,2.833538
4.890216787103946,2.834819
4.894385769872151,2.833538
4.898554752640356,2.833538
4.902723735408561,2.839941
4.906892718176765,2.839941
4.91106170094497,2.841222
4.915230683713174,2.845063
4.919399666481379,2.851466
4.923568649249583,2.848905
4.927737632017788,2.851466
4.9319066147859925,2.850185
4.936075597554197,2.851466
4.9402445803224015,2.852746
4.944413563090606,2.852746
4.948582545858811,2.850185
4.952751528627015,2.848905
4.95692051139522,2.850185
4.961089494163424,2.850185
4.965258476931629,2.856588
4.969427459699833,2.852746
4.973596442468038,2.854027
4.977765425236242,2.846344
4.981934408004447,2.850185
4.9861033907726515,2.854027
4.990272373540856,2.856588
4.994441356309061,2.86043
4.998610339077265,2.862991
5.00277932184547,2.857869
5.006948304613674,2.861711
5.011117287381879,2.859149
5.015286270150083,2.866833
5.019455252918288,2.870674
5.023624235686492,2.8822
5.027793218454697,2.892444
5.0319622012229015,2.895005
5.036131183991106,2.902689
5.040300166759311,2.902689
5.044469149527515,2.912933
5.04863813229572,2.915494
5.052807115063924,2.918055
5.056976097832129,2.912933
5.061145080600333,2.914213
5.065314063368538,2.915494
5.069483046136742,2.912933
5.073652028904947,2.909091
5.0778210116731515,2.910372
5.081989994441356,2.903969
5.086158977209561,2.903969
5.090327959977765,2.90525
5.09449694274597,2.901408
5.098665925514174,2.90653
5.102834908282379,2.901408
5.107003891050583,2.902689
5.111172873818788,2.901408
5.115341856586992,2.900127
5.119510839355197,2.897566
5.1236798221234015,2.897566
5.127848804891606,2.896286
5.1320177876598105,2.895005
5.136186770428015,2.897566
5.14035575319622,2.900127
5.144524735964424,2.903969
5.14869371873263,2.912933
5.152862701500834,2.914213
5.157031684269039,2.924458
5.161200667037243,2.925739
5.165369649805448,2.9283
5.169538632573652,2.925739
5.173707615341857,2.923177
5.177876598110061,2.927019
5.182045580878266,2.924458
5.1862145636464705,2.919336
5.190383546414675,2.912933
5.19455252918288,2.90653
5.198721511951084,2.910372
5.202890494719289,2.90653
5.207059477487493,2.90653
5.211228460255698,2.901408
5.215397443023902,2.909091
5.219566425792107,2.90525
5.223735408560311,2.903969
5.227904391328516,2.907811
5.2320733740967205,2.907811
5.236242356864925,2.912933
5.2404113396331296,2.911652
5.244580322401334,2.914213
5.248749305169539,2.907811
5.252918287937743,2.914213
5.257087270705948,2.912933
5.261256253474152,2.910372
5.265425236242357,2.910372
5.269594219010561,2.909091
5.273763201778766,2.909091
5.27793218454697,2.910372
5.282101167315175,2.912933
5.2862701500833795,2.909091
5.290439132851584,2.912933
5.294608115619789,2.911652
5.298777098387993,2.919336
5.302946081156198,2.916775
5.307115063924402,2.912933
5.311284046692607,2.909091
5.315453029460811,2.910372
5.319622012229016,2.910372
5.32379099499722,2.911652
5.327959977765425,2.912933
5.3321289605336295,2.912933
5.336297943301834,2.916775
5.340466926070039,2.920616
5.344635908838243,2.925739
5.348804891606448,2.924458
5.352973874374652,2.925739
5.357142857142857,2.927019
5.361311839911061,2.923177
5.365480822679266,2.92958
5.36964980544747,2.930861
5.373818788215675,2.939825
5.3779877709838795,2.946228
5.382156753752084,2.971465
5.386325736520289,2.920243
5.390494719288493,2.779381
5.394663702056698,2.897192
5.398832684824902,2.95994
5.403001667593108,3.003479
5.407170650361312,2.999637
5.411339633129517,3.00476
5.415508615897721,3.003479
5.419677598665926,3.007321
5.42384658143413,3.020126
5.428015564202335,3.035493
5.432184546970539,3.045737
5.436353529738744,3.061104
5.4405225125069485,3.070068
5.444691495275153,3.091838
5.448860478043358,3.114888
5.453029460811562,3.105924
5.457198443579767,3.107204
5.461367426347971,3.122571
5.465536409116176,3.135377
5.46970539188438,3.137938
5.473874374652585,3.141779
5.478043357420789,3.139218
5.482212340188994,3.137938
5.4863813229571985,3.140499
5.490550305725403,3.140499
5.494719288493608,3.135377
5.498888271261812,3.137938
5.503057254030017,3.144341
5.507226236798221,3.144341
5.511395219566426,3.149463
5.51556420233463,3.158427
5.519733185102835,3.150743
5.523902167871039,3.150743
5.528071150639244,3.148182
5.5322401334074485,3.145621
5.536409116175653,3.146902
5.5405780989438576,3.14306
5.544747081712062,3.141779
5.548916064480267,3.140499
5.553085047248471,3.141779
5.557254030016676,3.137938
5.56142301278488,3.140499
5.565591995553085,3.136657
5.569760978321289,3.135377
5.573929961089494,3.137938
5.578098943857698,3.135377
5.582267926625903,3.145621
5.5864369093941075,3.145621
5.590605892162312,3.141779
5.594774874930517,3.140499
5.598943857698721,3.139218
5.603112840466926,3.136657
5.60728182323513,3.135377
5.611450806003335,3.139218
5.615619788771539,3.141779
5.619788771539744,3.152024
5.623957754307948,3.158427
5.628126737076153,3.160988
5.6322957198443575,3.168671
5.636464702612562,3.167391
5.640633685380767,3.164829
5.644802668148971,3.163549
5.648971650917176,3.167391
5.653140633685381,3.172513
5.657309616453586,3.175074
5.66147859922179,3.169952
5.665647581989995,3.16611
5.669816564758199,3.16611
5.673985547526404,3.167391
5.678154530294608,3.169952
5.682323513062813,3.168671
5.6864924958310175,3.168671
5.690661478599222,3.16611
5.6948304613674265,3.16611
5.698999444135631,3.164829
5.703168426903836,3.162268
5.70733740967204,3.16611
5.711506392440245,3.159707
5.715675375208449,3.171232
5.719844357976654,3.176354
5.724013340744858,3.177635
5.728182323513063,3.178916
5.732351306281267,3.173793
5.736520289049472,3.169952
5.7406892718176765,3.173793
5.744858254585881,3.175074
5.749027237354086,3.171232
5.75319622012229,3.178916
5.757365202890495,3.180196
5.761534185658699,3.184038
5.765703168426904,3.186599
5.769872151195108,3.180196
5.774041133963313,3.181477
5.778210116731517,3.176354
5.782379099499722,3.178916
5.7865480822679265,3.181477
5.790717065036131,3.184038
5.794886047804336,3.18788
5.79905503057254,3.182757
5.803224013340745,3.18916
5.807392996108949,3.194282
5.811561978877154,3.203246
5.815730961645358,3.21221
5.819899944413563,3.21221
5.824068927181767,3.214771
5.828237909949972,3.214771
5.8324068927181765,3.21093
5.836575875486381,3.21093
5.840744858254586,3.207088
5.84491384102279,3.209649
5.849082823790995,3.21221
5.853251806559199,3.209649
5.857420789327404,3.207088
5.861589772095608,3.209649
5.865758754863813,3.207088
5.869927737632017,3.198124
5.874096720400222,3.190441
5.8782657031684264,3.182757
5.882434685936631,3.186599
5.8866036687048355,3.18788
5.89077265147304,3.18788
5.894941634241245,3.18916
5.899110617009449,3.18788
5.903279599777655,3.18788
5.907448582545859,3.186599
5.911617565314064,3.18788
5.915786548082268,3.18788
5.919955530850473,3.18916
5.924124513618677,3.176354
5.928293496386882,2.998357
5.932462479155086,2.876704
5.936631461923291,2.7781
5.9408004446914955,2.748647
5.9449694274597,2.723036
5.949138410227905,2.70895
5.953307392996109,2.726878
5.957476375764314,2.748647
5.961645358532518,2.772978
5.965814341300723,2.785784
5.969983324068927,2.792186
5.974152306837132,2.79987
5.978321289605336,2.796028
5.982490272373541,2.79987
5.9866592551417455,2.807553
5.99082823790995,2.807553
5.9949972206781545,2.807553
5.999166203446359,2.810114
6.003335186214564,2.803711
6.007504168982768,2.79987
6.011673151750973,2.792186
6.015842134519177,2.789625
6.020011117287382,2.784503
6.024180100055586,2.781942
6.028349082823791,2.7781
6.032518065591995,2.790906
6.0366870483602,2.781942
6.0408560311284045,2.779381
6.045025013896609,2.774259
6.049193996664814,2.772978
6.053362979433018,2.769136
6.057531962201223,2.765295
6.061700944969427,2.77682
6.065869927737632,2.7781
6.070038910505836,2.789625
6.074207893274041,2.792186
6.078376876042245,2.774259
6.08254585881045,2.749928
6.0867148415786545,2.738403
6.090883824346859,2.733281
6.095052807115064,2.732
6.099221789883268,2.729439
6.103390772651473,2.73072
6.107559755419677,2.73072
6.111728738187882,2.729439
6.115897720956086,2.73072
6.120066703724291,2.728158
6.124235686492495,2.729439
6.1284046692607,2.724317
6.1325736520289045,2.725597
6.136742634797109,2.723036
6.140911617565314,2.725597
6.145080600333518,2.720475
6.149249583101723,2.724317
6.153418565869928,2.721756
6.157587548638133,2.717914
6.161756531406337,2.711511
6.165925514174542,2.712792
6.170094496942746,2.705108
6.174263479710951,2.699986
6.178432462479155,2.701267
6.18260144524736,2.698706
6.186770428015564,2.699986
6.190939410783769,2.697425
6.1951083935519735,2.693583
6.199277376320178,2.698706
6.203446359088383,2.688461
6.207615341856587,2.693583
6.211784324624792,2.693583
6.215953307392996,2.688461
6.220122290161201,2.684619
6.224291272929405,2.683339
6.22846025569761,2.683339
6.232629238465814,2.679497
6.236798221234019,2.687181
6.2409672040022235,2.687181
6.245136186770428,2.698706
6.249305169538633,2.698706
6.253474152306837,2.706389
6.257643135075042,2.705108
6.261812117843246,2.703828
6.265981100611451,2.698706
6.270150083379655,2.689742
6.27431906614786,2.679497
6.278488048916064,2.675656
6.282657031684269,2.678217
6.2868260144524735,2.676936
6.290994997220678,2.679497
6.2951639799888826,2.687181
6.299332962757087,2.691022
6.303501945525292,2.692303
6.307670928293496,2.693583
6.311839911061701,2.697425
6.316008893829905,2.701267
6.32017787659811,2.694864
6.324346859366314,2.697425
6.328515842134519,2.691022
6.332684824902723,2.696145
6.336853807670928,2.689742
6.3410227904391325,2.693583
6.345191773207337,2.688461
6.349360755975542,2.687181
6.353529738743746,2.684619
6.357698721511951,2.684619
6.361867704280155,2.683339
6.36603668704836,2.683339
6.370205669816564,2.680778
6.374374652584769,2.683339
6.378543635352973,2.691022
6.382712618121178,2.694864
6.3868816008893825,2.701267
6.391050583657587,2.706389
6.395219566425792,2.710231
6.399388549193996,2.712792
6.403557531962202,2.717914
6.407726514730406,2.714072
6.411895497498611,2.714072
6.416064480266815,2.711511
6.42023346303502,2.715353
6.424402445803224,2.721756
6.428571428571429,2.716634
6.432740411339633,2.715353
6.436909394107838,2.714072
6.4410783768760425,2.710231
6.445247359644247,2.716634
6.4494163424124515,2.711511
6.453585325180656,2.711511
6.457754307948861,2.711511
6.461923290717065,2.70895
6.46609227348527,2.712792
6.470261256253474,2.710231
6.474430239021679,2.714072
6.478599221789883,2.70895
6.482768204558088,2.711511
6.486937187326292,2.703828
6.491106170094497,2.711511
6.4952751528627015,2.706389
6.499444135630906,2.692303
6.503613118399111,2.699986
6.507782101167315,2.702547
6.51195108393552,2.684619
6.516120066703724,2.579613
6.520289049471929,2.329904
6.524458032240133,1.833421
6.528627015008338,1.496328
6.532795997776542,1.463034
6.536964980544747,1.486084
6.5411339633129515,1.588529
6.545302946081156,1.584687
6.549471928849361,1.698657
6.553640911617565,2.217283
6.55780989438577,2.577121
6.561978877153974,2.836099
6.566147859922179,2.829696
6.570316842690383,2.832258
6.574485825458588,2.83866
6.578654808226792,2.847624
6.582823790994997,2.854027
6.5869927737632015,2.854027
6.591161756531406,2.855308
6.595330739299611,2.855308
6.599499722067815,2.868113
6.60366870483602,2.869394
6.607837687604224,2.873235
6.612006670372429,2.879638
6.616175653140633,2.875797
6.620344635908838,2.865552
6.624513618677042,2.864272
6.628682601445247,2.870674
6.6328515842134514,2.887322
6.637020566981656,2.893724
6.6411895497498605,2.893724
6.645358532518065,2.901408
6.64952751528627,2.914213
6.653696498054474,2.911652
6.65786548082268,2.918055
6.662034463590884,3.012817
6.666203446359089,3.05086
6.670372429127293,3.016284
6.674541411895498,3.007321
6.678710394663702,3.009882
6.682879377431907,3.00476
6.687048360200111,3.076471
6.691217342968316,3.068787
6.6953863257365205,3.059824
6.699555308504725,3.055982
6.70372429127293,3.068787
6.707893274041134,3.087996
6.712062256809339,3.127693
6.716231239577543,3.141779
6.720400222345748,3.116168
6.724569205113952,3.070068
6.728738187882157,2.981709
6.732907170650361,2.879265
6.737076153418566,2.73072
6.7412451361867705,2.751209
6.745414118954975,3.053421
6.7495831017231795,3.154585
6.753752084491384,3.204527
6.757921067259589,3.21093
6.762090050027793,3.237821
6.766259032795998,3.285202
6.770428015564202,3.285202
6.774596998332407,3.305691
6.778765981100611,3.411978
6.782934963868816,3.338986
6.78710394663702,3.338986
6.791272929405225,3.328741
6.7954419121734295,3.314655
6.799610894941634,3.294166
6.803779877709839,3.253188
6.807948860478043,3.314655
6.812117843246248,3.18916
6.816286826014452,2.881826
6.820455808782657,2.93689
6.824624791550861,2.402896
6.828793774319066,1.978124
6.83296275708727,2.832258
6.837131739855475,2.697799
6.8413007226236795,1.83214
6.845469705391884,1.319611
6.849638688160089,2.101834
6.853807670928293,2.020077
6.857976653696498,1.319611
6.862145636464702,2.101834
6.866314619232907,2.589926
6.870483602001111,3.105017
6.874652584769316,3.537472
6.87882156753752,3.65415
6.882990550305725,3.696409
6.8871595330739295,3.573475
6.891328515842134,3.267421
6.895497498610339,3.69897
6.899666481378543,3.78989
6.903835464146748,3.825745
6.908004446914953,3.866723
6.912173429683158,3.921788
6.916342412451362,3.908982
6.920511395219567,3.901299
6.924680377987771,3.907701
6.928849360755976,3.946118
6.93301834352418,3.937064
6.937187326292385,3.898647
6.941356309060589,3.998531
6.945525291828794,4.052314
6.9496942745969985,4.039509
6.953863257365203,4.047192
6.958032240133408,3.946028
6.962201222901612,3.925539
6.966370205669817,3.931942
6.970539188438021,3.934503
6.974708171206226,3.933222
6.97887715397443,3.969078
6.983046136742635,3.963956
6.987215119510839,3.948589
6.991384102279044,3.948589
6.9955530850472485,3.975481
6.999722067815453,3.993409
7.003891050583658,4.015178
7.008060033351862,4.006214
7.012229016120067,4.012617
7.016397998888271,4.006214
7.020566981656476,3.994689
7.02473596442468,4.012617
7.028904947192885,4.017739
7.033073929961089,4.038228
7.037242912729294,4.015178
7.0414118954974985,4.056156
7.045580878265703,4.112501
7.0497498610339075,4.093292
7.053918843802112,4.099695
7.058087826570317,4.095853
7.062256809338521,4.152198
7.066425792106726,4.152198
7.07059477487493,4.149637
7.074763757643135,4.166284
7.078932740411339,4.280254
7.083101723179544,4.312268
7.087270705947748,4.353246
7.091439688715953,4.398066
7.0956086714841575,4.433921
7.099777654252362,4.472338
7.103946637020567,4.515336
7.108115619788771,4.530703
7.112284602556976,4.5704
7.11645358532518,4.584486
7.120622568093385,4.602414
7.124791550861589,4.630586
7.128960533629794,4.629306
7.133129516397998,4.657478
7.137298499166203,4.658759
7.1414674819344075,4.670284
7.145636464702612,4.672845
7.149805447470817,4.629306
7.153974430239021,4.59345
7.158143413007227,4.628025
7.162312395775431,4.607536
7.166481378543636,4.563997
7.17065036131184,4.556314
7.174819344080045,4.551192
7.178988326848249,4.54863
7.183157309616454,4.540947
7.187326292384658,4.542228
7.191495275152863,4.571681
7.1956642579210675,4.603694
7.199833240689272,4.629306
7.2040022234574765,4.667723
7.208171206225681,4.653636
7.212340188993886,4.666442
7.21650917176209,4.670284
7.220678154530295,4.660039
7.224847137298499,4.66132
7.229016120066704,4.699737
7.233185102834908,4.779131
7.237354085603113,4.895662
7.241523068371317,5.00579
7.245692051139522,5.14602
7.2498610339077265,5.294565
7.254030016675931,5.336823
7.258198999444136,5.226695
7.26236798221234,5.152422
7.266536964980545,5.116567
7.270705947748749,5.069186
7.274874930516954,5.038453
7.279043913285158,4.994914
7.283212896053363,5.003878
7.287381878821567,4.979547
7.291550861589772,4.965461
7.2957198443579765,4.925764
7.299888827126181,4.930886
7.304057809894386,4.852771
7.30822679266259,4.891188
7.312395775430795,4.869419
7.316564758198999,4.875822
7.320733740967204,4.919361
7.324902723735408,4.9629
7.329071706503613,4.956497
7.333240689271817,5.016683
7.337409672040022,5.056381
7.3415786548082265,5.03333
7.345747637576431,5.047417
7.3499166203446356,5.057661
7.35408560311284,5.037172
7.358254585881045,5.029489
7.362423568649249,5.011561
7.366592551417454,5.014122
7.370761534185658,5.074308
7.374930516953863,5.076869
7.379099499722067,5.064064
7.383268482490272,5.057661
7.387437465258476,5.043575
7.391606448026681,5.047417
7.3957754307948855,5.065344
7.39994441356309,5.034611
7.404113396331295,5.009
7.4082823790995,5.026927
7.412451361867705,5.010281
7.416620344635909,5.014122
7.420789327404114,5.001317
7.424958310172318,5.007719
7.429127292940523,5.003878
7.433296275708727,5.044856
7.437465258476932,5.014122
7.441634241245136,5.026927
7.445803224013341,5.046136
7.4499722067815455,5.064064
7.45414118954975,5.03205
7.458310172317955,5.111444
7.462479155086159,5.179314
7.466648137854364,5.251026
7.470817120622568,5.348348
7.474986103390773,5.379082
7.479155086158977,5.368837
7.483324068927182,5.364995
7.487493051695386,5.345787
7.491662034463591,5.292004
7.4958310172317955,5.28304
7.5,5.268953
7.5041689827682045,5.253587
7.508337965536409,5.258709
7.512506948304614,5.224134
7.516675931072818,5.21389
7.520844913841023,5.227975
7.525013896609227,5.233098
7.529182879377432,5.199803
7.533351862145636,5.153703
7.537520844913841,5.1473
7.541689827682045,5.142178
7.54585881045025,5.144739
7.5500277932184545,5.142178
7.554196775986659,5.131934
7.558365758754864,5.12297
7.562534741523068,5.125531
7.566703724291273,5.135775
7.570872707059477,5.154984
7.575041689827682,5.114006
7.579210672595886,5.093517
7.583379655364091,5.085834
7.587548638132295,5.107603
7.5917176209005,5.071747
7.5958866036687045,5.085834
7.600055586436909,5.090956
7.604224569205114,5.065344
7.608393551973318,5.065344
7.612562534741523,5.057661
7.616731517509727,5.056381
7.620900500277932,5.030769
7.625069483046136,5.070467
7.629238465814341,5.103761
7.633407448582545,5.126812
7.63757643135075,5.107603
7.6417454141189545,5.12425
7.645914396887159,5.108883
7.650083379655364,5.110164
7.654252362423568,5.079431
7.658421345191773,5.096078
7.662590327959978,5.140898
7.666759310728183,5.189559
7.670928293496387,5.221573
7.675097276264592,5.256148
7.679266259032796,5.285601
7.683435241801001,5.321456
7.687604224569205,5.367557
7.69177320733741,5.384204
7.695942190105614,5.397009
7.700111172873819,5.389326
7.7042801556420235,5.382923
7.708449138410228,5.380362
7.712618121178433,5.382923
7.716787103946637,5.37396
7.720956086714842,5.37524
7.725125069483046,5.370118
7.729294052251251,5.361154
7.733463035019455,5.363715
7.73763201778766,5.372679
7.741801000555864,5.37524
7.745969983324069,5.380362
7.7501389660922735,5.376521
7.754307948860478,5.384204
7.758476931628683,5.390607
7.762645914396887,5.395729
7.766814897165092,5.402132
7.770983879933296,5.39829
7.775152862701501,5.403412
7.779321845469705,5.39957
7.78349082823791,5.397009
7.787659811006114,5.400851
7.791828793774319,5.393168
7.7959977765425235,5.391887
7.800166759310728,5.391887
7.8043357420789325,5.393168
7.808504724847137,5.382923
7.812673707615342,5.370118
7.816842690383546,5.357312
7.821011673151751,5.345787
7.825180655919955,5.347068
7.82934963868816,5.340665
7.833518621456364,5.335543
7.837687604224569,5.334262
7.841856586992773,5.332982
7.846025569760978,5.327859
7.8501945525291825,5.331701
7.854363535297387,5.326579
7.858532518065592,5.33042
7.862701500833796,5.331701
7.866870483602001,5.339385
7.871039466370205,5.336823
7.87520844913841,5.356031
7.879377431906614,5.409815
7.883546414674819,5.494332
7.887715397443023,5.655366
7.891884380211228,5.806472
7.8960533629794325,5.934528
7.900222345747637,6.064703
7.904391328515842,6.121047
7.908560311284046,6.158184
7.912729294052252,6.147939
7.916898276820456,6.096716
7.921067259588661,6.073667
7.925236242356865,6.041653
7.92940522512507,5.992991
7.933574207893274,5.94433
7.937743190661479,5.89951
7.941912173429683,5.872619
7.946081156197888,5.836763
7.9502501389660925,5.811152
7.954419121734297,5.781699
7.9585881045025015,5.766332
7.962757087270706,5.750966
7.966926070038911,5.747124
7.971095052807115,5.734318
7.97526403557532,5.717671
7.979433018343524,5.71639
7.983602001111729,5.71511
7.987770983879933,5.704865
7.991939966648138,5.697182
7.996108949416342,5.683096
8.000277932184547,5.690779
8.004446914952752,5.681815
8.008615897720956,5.685657
8.01278488048916,5.695901
8.016953863257365,5.69206
8.02112284602557,5.688218
8.025291828793774,5.69334
8.029460811561979,5.695901
8.033629794330183,5.697182
8.037798777098388,5.698462
8.041967759866592,5.694621
8.046136742634797,5.685657
8.050305725403001,5.69206
8.054474708171206,5.690779
8.05864369093941,5.699743
8.062812673707615,5.697182
8.06698165647582,5.660046
8.071150639244024,5.642118
8.075319622012229,5.621629
8.079488604780433,5.612665
8.083657587548638,5.606262
8.087826570316842,5.592176
8.091995553085047,5.599859
8.096164535853251,5.60114
8.100333518621456,5.593457
8.10450250138966,5.593457
8.108671484157865,5.589615
8.11284046692607,5.585773
8.117009449694274,5.581932
8.121178432462479,5.587054
8.125347415230683,5.593457
8.129516397998888,5.584493
8.133685380767092,5.581932
8.137854363535297,5.589615
8.142023346303501,5.583212
8.146192329071706,5.587054
8.15036131183991,5.585773
8.154530294608115,5.596018
8.15869927737632,5.588334
8.162868260144524,5.575529
8.167037242912729,5.585773
8.171206225680933,5.581932
8.175375208449138,5.575529
8.179544191217342,5.57809
8.183713173985547,5.575529
8.187882156753751,5.574248
8.192051139521956,5.576809
8.19622012229016,5.583212
8.200389105058365,5.593457
8.20455808782657,5.593457
8.208727070594774,5.606262
8.212896053362979,5.599859
8.217065036131183,5.606262
8.221234018899388,5.60242
8.225403001667592,5.60114
8.229571984435797,5.597298
8.233740967204001,5.607543
8.237909949972206,5.598579
8.24207893274041,5.598579
8.246247915508615,5.598579
8.25041689827682,5.599859
8.254585881045024,5.604981
8.258754863813229,5.60242
8.262923846581433,5.611384
8.267092829349638,5.607543
8.271261812117842,5.610104
8.275430794886047,5.611384
8.279599777654251,5.604981
8.283768760422456,5.606262
8.287937743190662,5.617787
8.292106725958867,5.617787
8.296275708727071,5.617787
8.300444691495276,5.633154
8.30461367426348,5.62419
8.308782657031685,5.613945
8.31295163979989,5.625471
8.317120622568094,5.621629
8.321289605336299,5.628032
8.325458588104503,5.621629
8.329627570872708,5.621629
8.333796553640912,5.62419
8.337965536409117,5.628032
8.342134519177321,5.628032
8.346303501945526,5.626751
8.35047248471373,5.639557
8.354641467481935,5.640837
8.35881045025014,5.642118
8.362979433018344,5.633154
8.367148415786549,5.626751
8.371317398554753,5.630593
8.375486381322958,5.636996
8.379655364091162,5.645959
8.383824346859367,5.654923
8.387993329627571,5.661326
8.392162312395776,5.662607
8.39633129516398,5.665168
8.400500277932185,5.674132
8.40466926070039,5.676693
8.408838243468594,5.679254
8.413007226236799,5.676693
8.417176209005003,5.685657
8.421345191773208,5.679254
8.425514174541412,5.651082
8.429683157309617,5.638276
8.433852140077821,5.631873
8.438021122846026,5.636996
8.44219010561423,5.640837
8.446359088382435,5.638276
8.45052807115064,5.635715
8.454697053918844,5.631873
8.458866036687049,5.636996
8.463035019455253,5.351431
8.467204002223458,4.826844
8.471372984991662,5.194681
8.475541967759867,5.338104
8.479710950528071,5.35347
8.483879933296276,5.367557
8.48804891606448,5.336823
8.492217898832685,5.256148
8.49638688160089,5.541713
8.500555864369094,5.463282
8.504724847137298,4.916483
8.508893829905503,4.784902
8.513062812673708,4.68886
8.517231795441912,4.485251
8.521400778210117,4.764413
8.525569760978321,5.540432
8.529738743746526,5.605424
8.53390772651473,5.628474
8.538076709282935,5.660488
8.54224569205114,5.660488
8.546414674819344,5.637438
8.550583657587548,5.663049
8.554752640355753,5.663049
8.558921623123958,5.654085
8.563090605892162,5.669452
8.567259588660367,5.723236
8.571428571428571,5.771897
8.575597554196776,5.75653
8.57976653696498,5.720675
8.583935519733185,5.724516
8.58810450250139,5.745005
8.592273485269594,5.741163
8.596442468037798,5.729639
8.600611450806003,5.721955
8.604780433574208,5.71171
8.608949416342412,5.700185
8.613118399110617,5.730919
8.617287381878821,5.741163
8.621456364647026,5.730919
8.62562534741523,5.738602
8.629794330183435,5.742444
8.63396331295164,5.771897
8.638132295719844,5.750127
8.642301278488048,5.71043
8.646470261256253,5.675855
8.650639244024457,5.692502
8.654808226792662,5.723236
8.658977209560867,5.741163
8.663146192329071,5.812875
8.667315175097276,5.834644
8.67148415786548,5.856414
8.675653140633685,5.901233
8.67982212340189,5.884586
8.683991106170094,5.9166
8.688160088938298,5.915319
8.692329071706503,5.905075
8.696498054474707,5.879464
8.700667037242912,5.884586
8.704836020011117,5.879464
8.709005002779321,5.864097
8.713173985547526,5.852572
8.71734296831573,5.851292
8.721511951083935,5.848731
8.72568093385214,5.843608
8.729849916620344,5.839767
8.734018899388548,5.842328
8.738187882156753,5.833364
8.742356864924957,5.821839
8.746525847693162,5.82568
8.750694830461367,5.829522
8.754863813229571,5.826961
8.759032795997776,5.821839
8.76320177876598,5.811594
8.767370761534185,5.816717
8.77153974430239,5.806472
8.775708727070594,5.805192
8.779877709838798,5.815436
8.784046692607003,5.794947
8.788215675375207,5.787263
8.792384658143414,5.798789
8.796553640911618,5.785983
8.800722623679823,5.77958
8.804891606448027,5.782141
8.809060589216232,5.77958
8.813229571984436,5.769336
8.817398554752641,5.75653
8.821567537520846,5.747566
8.82573652028905,5.761652
8.829905503057255,5.768055
8.83407448582546,5.765494
8.838243468593664,5.764214
8.842412451361868,5.75653
8.846581434130073,5.761652
8.850750416898277,5.759091
8.854919399666482,5.751408
8.859088382434686,5.743724
8.863257365202891,5.741163
8.867426347971096,5.739883
8.8715953307393,5.736041
8.875764313507505,5.746285
8.87993329627571,5.736041
8.884102279043914,5.742444
8.888271261812118,5.7322
8.892440244580323,5.723236
8.896609227348527,5.720675
8.900778210116732,5.729639
8.904947192884936,5.724516
8.909116175653141,5.718113
8.913285158421345,5.706588
8.91745414118955,5.704027
8.921623123957755,5.709149
8.92579210672596,5.698905
8.929961089494164,5.700185
8.934130072262368,5.706588
8.938299055030573,5.720675
8.942468037798777,5.71171
8.946637020566982,5.692502
8.950806003335186,5.716833
8.954974986103391,5.720675
8.959143968871595,5.724516
8.9633129516398,5.701466
8.967481934408005,5.683538
8.971650917176209,5.614388
8.975819899944414,5.500418
8.979988882712618,5.486332
8.984157865480823,5.399254
8.988326848249027,5.36852
8.992495831017232,5.250709
8.996664813785436,5.167472
9.000833796553641,5.131617
9.005002779321845,5.098322
9.00917176209005,5.090639
9.013340744858255,5.199487
9.017509727626459,5.118811
9.021678710394664,5.034294
9.025847693162868,4.935691
9.030016675931073,4.807952
9.034185658699277,4.359756
9.038354641467482,4.118362
9.042523624235686,5.07366
9.04669260700389,5.472563
9.050861589772095,5.495296
9.0550305725403,4.958741
9.059199555308505,4.820441
9.063368538076709,4.472445
9.067537520844914,4.446834
9.071706503613118,4.385999
9.075875486381323,4.323252
9.080044469149527,4.310446
9.084213451917732,4.18239
9.088382434685936,4.06714
9.09255141745414,3.916034
9.096720400222345,3.825655
9.10088938299055,3.764188
9.105058365758754,3.69888
9.109227348526959,3.627168
9.113396331295164,3.592593
9.117565314063368,3.558018
9.121734296831573,3.529846
9.125903279599777,3.509357
9.130072262367982,3.482465
9.134241245136186,3.467098
9.13841022790439,3.44789
9.142579210672595,3.453102
9.1467481934408,4.022952
9.150917176209004,4.595272
9.155086158977209,5.092868
9.159255141745414,5.297126
9.163424124513618,5.295846
9.167593107281823,5.288162
9.171762090050027,5.300968
9.175931072818232,5.30737
9.180100055586436,5.313773
9.18426903835464,5.318895
9.188438021122845,5.262551
9.19260700389105,5.221573
9.196775986659254,5.23822
9.200944969427459,5.229256
9.205113952195664,5.171631
9.209282934963868,5.137056
9.213451917732073,5.14602
9.217620900500277,5.216451
9.221789883268482,5.181875
9.225958866036686,5.112725
9.23012784880489,5.372679
9.234296831573095,5.405973
9.2384658143413,5.393168
9.242634797109504,5.372679
9.246803779877709,5.394448
9.250972762645914,5.386765
9.255141745414118,5.33042
9.259310728182323,5.338104
9.263479710950527,5.318895
9.267648693718732,5.224134
9.271817676486936,5.044856
9.27598665925514,4.989791
9.280155642023345,4.969303
9.28432462479155,4.968022
9.288493607559754,4.946252
9.29266259032796,4.938569
9.296831573096165,4.944972
9.30100055586437,4.934727
9.305169538632574,4.936008
9.309338521400779,4.934727
9.313507504168983,4.939849
9.317676486937188,4.969303
9.321845469705393,4.971864
9.326014452473597,4.961619
9.330183435241802,4.961619
9.334352418010006,4.957778
9.33852140077821,4.98723
9.342690383546415,5.019244
9.34685936631462,5.038453
9.351028349082824,5.048697
9.355197331851029,5.0551
9.359366314619233,5.049978
9.363535297387438,5.03333
9.367704280155642,5.020525
9.371873262923847,5.014122
9.376042245692052,5.020525
9.380211228460256,5.038453
9.38438021122846,5.034611
9.388549193996665,5.03333
9.39271817676487,5.037172
9.396887159533074,5.043575
9.401056142301279,5.038453
9.405225125069483,5.048697
9.409394107837688,5.135775
9.413563090605892,5.12297
9.417732073374097,5.133214
9.421901056142302,5.140898
9.426070038910506,5.143459
9.43023902167871,5.102481
9.434408004446915,5.142178
9.43857698721512,5.174192
9.442745969983324,5.181875
9.446914952751529,5.199803
9.451083935519733,5.186998
9.455252918287938,5.157545
9.459421901056142,5.166509
9.463590883824347,5.153703
9.467759866592552,5.151142
9.471928849360756,5.144739
9.47609783212896,5.098639
9.480266814897165,5.087114
9.48443579766537,5.087114
9.488604780433574,5.083272
9.492773763201779,5.092236
9.496942745969983,5.096078
9.501111728738188,5.1012
9.505280711506392,5.114006
9.509449694274597,5.12297
9.513618677042802,5.126812
9.517787659811006,5.131934
9.52195664257921,5.138336
9.526125625347415,5.135775
9.53029460811562,5.135775
9.534463590883824,5.133214
9.538632573652029,5.130653
9.542801556420233,5.129373
9.546970539188438,5.121689
9.551139521956642,5.130653
9.555308504724847,5.121689
9.559477487493051,5.125531
9.563646470261256,5.119128
9.56781545302946,5.116567
9.571984435797665,5.116567
9.57615341856587,5.119128
9.580322401334074,5.126812
9.584491384102279,5.131934
9.588660366870483,5.129373
9.592829349638688,5.135775
9.596998332406892,5.009
9.601167315175097,4.946252
9.605336297943301,4.943691
9.609505280711506,4.833563
9.61367426347971,4.705507
9.617843246247915,4.603062
9.62201222901612,4.449395
9.626181211784324,4.349512
9.630350194552529,4.378316
9.634519177320733,4.441063
9.638688160088938,4.782973
9.642857142857142,5.040366
9.647026125625347,5.195961
9.651195108393551,5.257429
9.655364091161756,5.25999
9.65953307392996,5.046136
9.663702056698165,4.807952
9.66787103946637,4.782341
9.672040022234574,4.797708
9.676209005002779,4.750327
9.680377987770983,4.715752
9.684546970539188,4.701665
9.688715953307392,4.725996
9.692884936075597,5.344507
9.697053918843801,5.208767
9.701222901612006,4.321339
9.70539188438021,4.540947
9.709560867148415,4.70614
9.71372984991662,4.772728
9.717898832684824,4.574242
9.722067815453029,4.604975
9.726236798221233,4.647233
9.730405780989438,4.756081
9.734574763757642,5.094149
9.738743746525847,5.414937
9.742912729294051,5.446951
9.747081712062256,5.48121
9.75125069483046,5.492735
9.755419677598665,5.496576
9.75958866036687,5.499137
9.763757643135074,5.500418
9.767926625903279,5.515785
9.772095608671483,5.520907
9.776264591439688,5.532432
9.780433574207892,5.549079
9.784602556976097,5.554202
9.788771539744301,5.555482
9.792940522512506,5.555482
9.797109505280712,5.551641
9.801278488048917,5.545238
9.805447470817121,5.541396
9.809616453585326,5.538835
9.81378543635353,5.52859
9.817954419121735,5.522188
9.82212340188994,5.518346
9.826292384658144,5.514504
9.830461367426349,5.515785
9.834630350194553,5.511943
9.838799332962758,5.506821
9.842968315730962,5.513224
9.847137298499167,5.524749
9.851306281267371,5.514504
9.855475264035576,5.501698
9.85964424680378,5.488893
9.863813229571985,5.478649
9.86798221234019,5.473526
9.872151195108394,5.454318
9.876320177876599,5.449196
9.880489160644803,5.43511
9.884658143413008,5.456879
9.888827126181212,5.456879
9.892996108949417,5.455598
9.897165091717621,5.451757
9.901334074485826,5.456879
9.90550305725403,5.460721
9.909672040022235,5.449196
9.91384102279044,5.445354
9.918010005558644,5.444074
9.922178988326849,5.447915
9.926347971095053,5.453037
9.930516953863258,5.453037
9.934685936631462,5.444074
9.938854919399667,5.444074
9.943023902167871,5.429987
9.947192884936076,5.442793
9.95136186770428,5.460721
9.955530850472485,5.473526
9.95969983324069,5.487613
9.963868816008894,5.485051
9.968037798777099,5.502979
9.972206781545303,5.50426
9.976375764313508,5.496576
9.980544747081712,5.497857
9.984713729849917,5.491454
9.988882712618121,5.499137
9.993051695386326,5.494015
9.99722067815453,5.495296
10.001389660922735,5.486332
10.00555864369094,5.486332
10.009727626459144,5.487613
10.013896609227348,5.487613
10.018065591995553,5.485051
10.022234574763758,5.478649
10.026403557531962,5.473526
10.030572540300167,5.470965
10.034741523068371,5.467124
10.038910505836576,5.464562
10.04307948860478,5.462001
10.047248471372985,5.45944
10.05141745414119,5.45944
10.055586436909394,5.456879
10.059755419677598,5.454318
10.063924402445803,5.445354
10.068093385214008,5.446635
10.072262367982212,5.441512
10.076431350750417,5.442793
10.080600333518621,5.43639
10.084769316286826,5.43639
10.08893829905503,5.432549
10.093107281823235,5.429987
10.09727626459144,5.428707
10.101445247359644,5.426146
10.105614230127848,5.423584
10.109783212896053,5.419743
10.113952195664258,5.415901
10.118121178432462,5.415901
10.122290161200667,5.41334
10.126459143968871,5.41334
10.130628126737076,5.410779
10.13479710950528,5.409498
10.138966092273485,5.401815
10.14313507504169,5.400535
10.147304057809894,5.400535
10.151473040578098,5.400535
10.155642023346303,5.395412
10.159811006114507,5.391571
10.163979988882712,5.386448
10.168148971650917,5.386448
10.172317954419121,5.381326
10.176486937187326,5.382607
10.18065591995553,5.376204
10.184824902723735,5.376204
10.18899388549194,5.373642
10.193162868260144,5.374923
10.197331851028348,5.364679
10.201500833796553,5.369801
10.205669816564757,5.359557
10.209838799332962,5.354434
10.214007782101167,5.335226
10.218176764869371,5.296809
10.222345747637576,5.356996
10.22651473040578,5.401815
10.230683713173985,5.403096
10.23485269594219,5.417181
10.239021678710394,5.426146
10.243190661478598,5.404376
10.247359644246803,5.403096
10.251528627015007,5.396693
10.255697609783212,5.43639
10.259866592551417,5.464562
10.264035575319621,5.469685
10.268204558087826,5.477368
10.27237354085603,5.494015
10.276542523624235,5.501698
10.28071150639244,5.536274
10.284880489160644,5.558043
10.289049471928848,5.604144
10.293218454697053,5.632316
10.29738743746526,5.652805
10.301556420233464,5.670732
10.305725403001668,5.66561
10.309894385769873,5.650244
10.314063368538077,5.639999
10.318232351306282,5.625913
10.322401334074486,5.607985
10.326570316842691,5.601583
10.330739299610896,5.610546
10.3349082823791,5.600302
10.339077265147305,5.586215
10.34324624791551,5.574691
10.347415230683714,5.564446
10.351584213451918,5.559324
10.355753196220123,5.55036
10.359922178988327,5.543957
10.364091161756532,5.545238
10.368260144524736,5.529871
10.372429127292941,5.519627
10.376598110061146,5.513224
10.38076709282935,5.508101
10.384936075597555,5.509382
10.38910505836576,5.50426
10.393274041133964,5.500418
10.397443023902168,5.494015
10.401612006670373,5.478649
10.405780989438577,5.477368
10.409949972206782,5.476088
10.414118954974986,5.477368
10.418287937743191,5.463282
10.422456920511395,5.460721
10.4266259032796,5.451757
10.430794886047805,5.450476
10.43496386881601,5.446635
10.439132851584214,5.441512
10.443301834352418,5.441512
10.447470817120623,5.433829
10.451639799888827,5.43639
10.455808782657032,5.418462
10.459977765425236,5.417181
10.464146748193441,5.41462
10.468315730961645,5.409498
10.47248471372985,5.404376
10.476653696498055,5.399254
10.480822679266259,5.400535
10.484991662034464,5.394132
10.489160644802668,5.389009
10.493329627570873,5.385168
10.497498610339077,5.387729
10.501667593107282,5.378765
10.505836575875486,5.378765
10.510005558643691,5.380045
10.514174541411895,5.359557
10.5183435241801,5.36724
10.522512506948305,5.354434
10.526681489716509,5.358276
10.530850472484714,5.349312
10.535019455252918,5.348032
10.539188438021123,5.349312
10.543357420789327,5.353154
10.547526403557532,5.341629
10.551695386325736,5.346751
10.55586436909394,5.346751
10.560033351862145,5.34419
10.56420233463035,5.337787
10.568371317398555,5.337787
10.572540300166759,5.330103
10.576709282934964,5.326262
10.580878265703168,5.331384
10.585047248471373,5.32242
10.589216231239577,5.323701
10.593385214007782,5.323701
10.597554196775986,5.32114
10.60172317954419,5.316018
10.605892162312395,5.301931
10.6100611450806,5.303212
10.614230127848804,5.292967
10.618399110617009,5.295528
10.622568093385214,5.286564
10.626737076153418,5.289126
10.630906058921623,5.268637
10.635075041689827,4.861419
10.639244024458032,4.321339
10.643413007226236,4.02104
10.64758198999444,4.032565
10.651750972762645,3.858409
10.65591995553085,3.323676
10.660088938299054,2.823067
10.664257921067259,2.329904
10.668426903835464,1.833421
10.672595886603668,1.743476
10.676764869371873,1.740915
10.680933852140077,1.743476
10.685102834908282,1.75116
10.689271817676486,1.756282
10.69344080044469,1.758843
10.697609783212895,1.835677
10.7017787659811,2.589926
10.705947748749304,3.105017
10.710116731517509,3.60022
10.714285714285714,3.924349
10.718454697053918,3.705373
10.722623679822123,3.568353
10.726792662590327,3.351938
10.730961645358532,2.999784
10.735130628126736,2.825628
10.73929961089494,2.541197
10.743468593663145,2.413141
10.74763757643135,2.378939
10.751806559199554,2.368695
10.755975541967759,2.35717
10.760144524735964,2.344364
10.764313507504168,2.331559
10.768482490272373,2.321314
10.772651473040577,3.023061
10.776820455808782,3.44143
10.780989438576986,2.949842
10.78515842134519,2.774259
10.789327404113395,2.328624
10.7934963868816,1.834701
10.797665369649804,1.632068
10.80183435241801,1.715304
10.806003335186215,2.287714
10.81017231795442,2.463151
10.814341300722624,2.376378
10.818510283490829,3.105017
10.822679266259033,3.145621
10.826848249027238,2.38753
10.831017231795443,3.037147
10.835186214563647,3.299288
10.839355197331852,3.355633
10.843524180100056,3.367158
10.84769316286826,3.330022
10.851862145636465,3.515703
10.85603112840467,3.559389
10.860200111172874,3.506886
10.864369093941079,3.344255
10.868538076709283,3.025395
10.872707059477488,2.833311
10.876876042245692,2.61803
10.881045025013897,2.524549
10.885214007782102,2.460521
10.889382990550306,2.327343
10.89355197331851,1.833421
10.897720956086715,1.557795
10.90188993885492,1.600054
10.906058921623124,1.620542
10.910227904391329,1.619262
10.914396887159533,1.625665
10.918565869927738,1.619262
10.922734852695942,1.612859
10.926903835464147,1.610298
10.931072818232352,1.607737
10.935241801000556,1.610298
10.93941078376876,1.617981
10.943579766536965,1.61542
10.94774874930517,1.611579
10.951917732073374,1.602615
10.956086714841579,1.597492
10.960255697609783,1.676887
10.964424680377988,1.685851
10.968593663146192,1.68457
10.972762645914397,1.68457
10.976931628682602,1.68457
10.981100611450806,1.682009
10.98526959421901,1.68457
10.989438576987215,1.675606
10.99360755975542,1.669204
10.997776542523624,1.666643
11.001945525291829,1.662801
11.006114508060033,1.656398
11.010283490828238,1.655118
11.014452473596442,1.84336
11.018621456364647,2.487482
11.022790439132852,2.039591
11.026959421901056,2.966717
11.03112840466926,3.579731
11.035297387437465,4.071613
11.03946637020567,4.267448
11.043635352973874,4.332757
11.047804335742079,4.371174
11.051973318510283,4.400627
11.056142301278488,4.428799
11.060311284046692,4.445446
11.064480266814897,4.489725
11.068649249583101,4.543508
11.072818232351306,4.549911
11.07698721511951,4.565278
11.081156197887715,4.560155
11.08532518065592,4.571681
11.089494163424124,4.574242
11.093663146192329,4.601133
11.097832128960533,4.619061
11.102001111728738,4.622903
11.106170094496942,4.635708
11.110339077265147,4.626745
11.114508060033351,4.620342
11.118677042801556,4.624184
11.12284602556976,4.6165
11.127015008337965,4.612659
11.13118399110617,4.626745
11.135352973874374,4.642111
11.139521956642579,4.635708
11.143690939410783,4.654917
11.147859922178988,4.653636
11.152028904947192,4.665162
11.156197887715397,4.66132
11.160366870483601,4.665162
11.164535853251806,4.66132
11.16870483602001,4.662601
11.172873818788215,4.658759
11.17704280155642,4.66132
11.181211784324624,4.657478
11.185380767092829,4.665162
11.189549749861033,4.665162
11.193718732629238,4.656198
11.197887715397442,4.652356
11.202056698165647,4.652356
11.206225680933851,4.658759
11.210394663702056,4.690773
11.21456364647026,4.694614
11.218732629238465,4.689492
11.22290161200667,4.699737
11.227070594774874,4.703578
11.231239577543079,4.711262
11.235408560311283,4.70742
11.239577543079488,4.709981
11.243746525847692,4.709981
11.247915508615897,4.711262
11.252084491384101,4.717664
11.256253474152306,4.702298
11.26042245692051,4.709981
11.264591439688715,4.702298
11.26876042245692,4.702298
11.272929405225124,4.701017
11.277098387993329,4.676686
11.281267370761533,4.671564
11.285436353529738,4.680528
11.289605336297942,4.686931
11.293774319066147,4.681809
11.297943301834351,4.681809
11.302112284602558,4.689492
11.306281267370762,4.679247
11.310450250138967,4.665162
11.314619232907171,4.660039
11.318788215675376,4.653636
11.32295719844358,4.651075
11.327126181211785,4.649795
11.33129516397999,4.643392
11.335464146748194,4.643392
11.339633129516399,4.63955
11.343802112284603,4.636989
11.347971095052808,4.635708
11.352140077821012,4.630586
11.356309060589217,4.625464
11.360478043357421,4.617781
11.364647026125626,4.619061
11.36881600889383,4.6165
11.372984991662035,4.611378
11.37715397443024,4.604975
11.381322957198444,4.599853
11.385491939966649,4.594731
11.389660922734853,4.59345
11.393829905503058,4.590889
11.397998888271262,4.588328
11.402167871039467,4.563997
11.406336853807671,4.571681
11.410505836575876,4.569119
11.41467481934408,4.558875
11.418843802112285,4.565278
11.42301278488049,4.537106
11.427181767648694,4.516616
11.431350750416899,4.521739
11.435519733185103,4.538386
11.439688715953308,4.542228
11.443857698721512,4.551192
11.448026681489717,4.54863
11.452195664257921,4.544789
11.456364647026126,4.519177
11.46053362979433,4.529422
11.464702612562535,4.5243
11.46887159533074,4.520458
11.473040578098944,4.519177
11.477209560867148,4.514055
11.481378543635353,4.505091
11.485547526403558,4.514055
11.489716509171762,4.503811
11.493885491939967,4.496128
11.498054474708171,4.50125
11.502223457476376,4.489725
11.50639244024458,4.491005
11.510561423012785,4.487164
11.51473040578099,4.476919
11.518899388549194,4.460272
11.523068371317398,4.451308
11.527237354085603,4.441063
11.531406336853808,4.377036
11.535575319622012,4.345021
11.539744302390217,4.370633
11.543913285158421,4.412891
11.548082267926626,4.423136
11.55225125069483,4.420575
11.556420233463035,4.442344
11.56058921623124,4.423136
11.564758198999444,4.423136
11.568927181767648,4.437222
11.573096164535853,4.432099
11.577265147304058,4.424416
11.581434130072262,4.420575
11.585603112840467,4.415452
11.589772095608671,4.406488
11.593941078376876,4.391121
11.59811006114508,4.397524
11.602279043913285,4.397524
11.60644802668149,4.38856
11.610617009449694,4.393682
11.614785992217898,4.391121
11.618954974986103,4.377036
11.623123957754308,4.366791
11.627292940522512,4.371913
11.631461923290717,4.359107
11.635630906058921,4.368072
11.639799888827126,4.359107
11.64396887159533,4.350143
11.648137854363535,4.34246
11.65230683713174,4.336058
11.656475819899944,4.337338
11.660644802668148,4.329655
11.664813785436353,4.334777
11.668982768204557,4.323252
11.673151750972762,4.323252
11.677320733740967,4.316849
11.681489716509171,4.310446
11.685658699277376,4.316849
11.68982768204558,4.311727
11.693996664813785,4.310446
11.69816564758199,4.324533
11.702334630350194,4.328374
11.706503613118398,4.333497
11.710672595886603,4.305324
11.714841578654807,4.297641
11.719010561423012,4.297641
11.723179544191217,4.29636
11.727348526959421,4.289958
11.731517509727626,4.291238
11.73568649249583,4.293799
11.739855475264035,4.286116
11.74402445803224,4.275871
11.748193440800444,4.275871
11.752362423568648,4.263066
11.756531406336853,4.269468
11.760700389105057,4.264346
11.764869371873262,4.259224
11.769038354641467,4.255382
11.773207337409671,4.245138
11.777376320177876,4.236174
11.78154530294608,4.229771
11.785714285714285,4.229771
11.78988326848249,4.231051
11.794052251250694,4.231051
11.798221234018898,4.232332
11.802390216787103,4.215685
11.80655919955531,4.208002
11.810728182323514,4.20416
11.814897165091718,4.199038
11.819066147859923,4.195196
11.823235130628127,4.205441
11.827404113396332,4.210563
11.831573096164536,4.206721
11.835742078932741,4.196476
11.839911061700946,4.205441
11.84408004446915,4.20416
11.848249027237355,4.192635
11.85241801000556,4.193915
11.856586992773764,4.190073
11.860755975541968,4.186232
11.864924958310173,4.164463
11.869093941078377,4.151657
11.873262923846582,4.117082
11.877431906614786,4.13629
11.881600889382991,4.129887
11.885769872151196,4.151657
11.8899388549194,4.163182
11.894107837687605,4.154218
11.89827682045581,4.145254
11.902445803224014,4.142693
11.906614785992218,4.143973
11.910783768760423,4.137571
11.914952751528627,4.137571
11.919121734296832,4.131168
11.923290717065036,4.127326
11.927459699833241,4.131168
11.931628682601445,4.138851
11.93579766536965,4.143973
11.939966648137855,4.141412
11.94413563090606,4.140132
11.948304613674264,4.127326
11.952473596442468,4.127326
11.956642579210673,4.129887
11.960811561978877,4.124765
11.964980544747082,4.124765
11.969149527515286,4.124765
11.973318510283491,4.127326
11.977487493051695,4.123485
11.9816564758199,4.126046
11.985825458588105,4.140132
11.989994441356309,4.117082
11.994163424124514,4.115801
11.998332406892718,4.102995
12.002501389660923,4.104276
12.006670372429127,4.11324
12.010839355197332,4.124765
12.015008337965536,4.117082
12.019177320733741,4.095312
12.023346303501945,4.097873
12.02751528627015,4.086349
12.031684269038355,4.101715
12.035853251806559,4.085068
12.040022234574764,4.079946
12.044191217342968,4.076104
12.048360200111173,4.079946
12.052529182879377,4.074823
12.056698165647582,4.063298
12.060867148415786,4.059456
12.06503613118399,4.063298
12.069205113952195,4.027442
12.0733740967204,3.971098
12.077543079488605,3.973659
12.081712062256809,4.02104
12.085881045025014,4.032565
12.090050027793218,4.042809
12.094219010561423,4.051773
12.098387993329627,4.045371
12.102556976097832,4.054334
12.106725958866036,4.046651
12.11089494163424,4.038968
12.115063924402445,4.038968
12.11923290717065,4.049212
12.123401889938854,4.049212
12.127570872707059,4.046651
12.131739855475264,4.030004
12.135908838243468,4.026162
12.140077821011673,4.023601
12.144246803779877,4.019759
12.148415786548082,4.004393
12.152584769316286,4.004393
12.15675375208449,4.000551
12.160922734852695,4.004393
12.1650917176209,4.001832
12.169260700389104,3.99799
12.173429683157309,3.995429
12.177598665925514,4.003112
12.181767648693718,3.991587
12.185936631461923,3.987745
12.190105614230127,3.983903
12.194274596998332,3.980062
12.198443579766536,3.97494
12.20261256253474,3.978781
12.206781545302945,3.981342
12.21095052807115,3.973659
12.215119510839354,3.971098
12.219288493607559,3.968537
12.223457476375764,3.968537
12.227626459143968,3.960853
12.231795441912173,3.964695
12.235964424680377,3.963414
12.240133407448582,3.959573
12.244302390216786,3.954451
12.24847137298499,3.948048
12.252640355753195,3.958833
12.2568093385214,3.946028
12.260978321289604,3.947309
12.265147304057809,3.939625
12.269316286826013,3.940906
12.273485269594218,3.934503
12.277654252362423,3.934503
12.281823235130627,3.9281
12.285992217898832,3.924258
12.290161200667036,3.917856
12.29433018343524,3.916575
12.298499166203445,3.912733
12.30266814897165,3.917856
12.306837131739856,3.908892
12.31100611450806,3.906331
12.315175097276265,3.896086
12.31934408004447,3.892244
12.323513062812674,3.890964
12.327682045580879,3.894805
12.331851028349083,3.889683
12.336020011117288,3.888403
12.340188993885493,3.884561
12.344357976653697,3.890964
12.348526959421902,3.890964
12.352695942190106,3.912733
12.35686492495831,3.9281
12.361033907726515,3.922978
12.36520289049472,3.9281
12.369371873262924,3.943467
12.373540856031129,4.218787
12.377709838799333,4.124026
12.381878821567538,4.076645
12.386047804335742,4.095853
12.390216787103947,4.093292
12.394385769872152,4.08945
12.398554752640356,4.095853
12.40272373540856,4.095853
12.406892718176765,4.092012
12.41106170094497,4.080487
12.415230683713174,4.077926
12.419399666481379,4.084328
12.423568649249583,4.095853
12.427737632017788,4.108659
12.431906614785992,4.13427
12.436075597554197,4.075365
12.440244580322402,3.943467
12.444413563090606,4.062559
12.44858254585881,3.965236
12.452751528627015,3.887122
12.45692051139522,3.873036
12.461089494163424,4.047192
12.465258476931629,4.161162
12.469427459699833,4.175248
12.473596442468038,4.025423
12.477765425236242,3.966517
12.481934408004447,3.943467
12.486103390772652,3.935783
12.490272373540856,3.935783
12.49444135630906,3.935783
12.498610339077265,3.962675
12.50277932184547,3.978042
12.506948304613674,4.113781
12.511117287381879,4.232873
12.515286270150083,4.276412
12.519455252918288,4.285376
12.523624235686492,4.285376
12.527793218454697,4.298182
12.531962201222901,4.302023
12.536131183991106,4.298182
12.54030016675931,4.295621
12.544469149527515,4.295621
12.54863813229572,4.295621
12.552807115063924,4.290499
12.556976097832129,4.290499
12.561145080600333,4.300743
12.565314063368538,4.307146
12.569483046136742,4.31611
12.573652028904947,4.332757
12.577821011673151,4.34044
12.581989994441356,4.331476
12.58615897720956,4.331476
12.590327959977765,4.344282
12.59449694274597,4.335318
12.598665925514174,4.325074
12.602834908282379,4.31611
12.607003891050583,4.31739
12.611172873818788,4.309707
12.615341856586992,4.299462
12.619510839355197,4.29306
12.623679822123401,4.291779
12.627848804891606,4.280254
12.63201778765981,4.280254
12.636186770428015,4.285376
12.64035575319622,4.273851
12.644524735964424,4.27001
12.648693718732629,4.262326
12.652862701500833,4.259765
12.657031684269038,4.254643
12.661200667037242,4.255923
12.665369649805447,4.254643
12.669538632573651,4.249521
12.673707615341856,4.243118
12.67787659811006,4.239276
12.682045580878265,4.237996
12.68621456364647,4.232873
12.690383546414674,4.237996
12.694552529182879,4.237996
12.698721511951083,4.235435
12.702890494719288,4.231593
12.707059477487492,4.240557
12.711228460255697,4.234154
12.715397443023901,4.22519
12.719566425792106,4.229032
12.72373540856031,4.231593
12.727904391328515,4.234154
12.73207337409672,4.230312
12.736242356864924,4.236715
12.740411339633129,4.230312
12.744580322401333,4.235435
12.748749305169538,4.229032
12.752918287937742,4.227751
12.757087270705947,4.223909
12.761256253474151,4.214945
12.765425236242356,4.217506
12.76959421901056,4.217506
12.773763201778765,4.216226
12.77793218454697,4.216226
12.782101167315174,4.221348
12.786270150083379,4.214945
12.790439132851583,4.220068
12.794608115619788,4.213665
12.798777098387992,4.212384
12.802946081156197,4.217506
12.807115063924403,4.208543
12.811284046692608,4.207262
12.815453029460812,4.204701
12.819622012229017,4.203421
12.823790994997221,4.20214
12.827959977765426,4.199579
12.83212896053363,4.197018
12.836297943301835,4.195737
12.84046692607004,4.198298
12.844635908838244,4.195737
12.848804891606449,4.199579
12.852973874374653,4.198298
12.857142857142858,4.194457
12.861311839911062,4.193176
12.865480822679267,4.189334
12.869649805447471,4.181651
12.873818788215676,4.182931
12.87798777098388,4.185493
12.882156753752085,4.172687
12.88632573652029,4.18037
12.890494719288494,4.17909
12.894663702056699,4.161162
12.898832684824903,4.115062
12.903001667593108,4.093292
12.907170650361312,4.15604
12.911339633129517,4.216226
12.915508615897721,4.221348
12.919677598665926,4.22519
12.92384658143413,4.22519
12.928015564202335,4.218787
12.93218454697054,4.204701
12.936353529738744,4.218787
12.940522512506949,4.227751
12.944691495275153,4.193176
12.948860478043358,3.99725
12.953029460811562,3.934503
12.957198443579767,3.887122
12.961367426347971,3.834619
12.965536409116176,3.811569
12.96970539188438,3.821814
12.973874374652585,3.917856
12.97804335742079,4.045912
12.982212340188994,4.035667
12.986381322957198,4.026703
12.990550305725403,4.022861
12.994719288493608,4.024142
12.998888271261812,4.080487
13.003057254030017,4.120184
13.007226236798221,4.121465
13.011395219566426,4.126587
13.01556420233463,4.126587
13.019733185102835,4.150918
13.02390216787104,4.185493
13.028071150639244,4.194457
13.032240133407448,4.20214
13.036409116175653,4.185493
13.040578098943858,4.117623
13.044747081712062,3.820533
13.048916064480267,3.809008
13.053085047248471,3.921697
13.057254030016676,3.875597
13.06142301278488,3.783397
13.065591995553085,3.709124
13.06976097832129,3.686074
13.073929961089494,3.896086
13.078098943857698,3.981884
13.082267926625903,4.40703
13.086436909394108,4.492827
13.090605892162312,4.561436
13.094774874930517,4.610097
13.098943857698721,4.708701
13.103112840466926,4.715103
13.10728182323513,4.722786
13.111450806003335,4.693334
13.11561978877154,4.680528
13.119788771539744,4.674125
13.123957754307948,4.671564
13.128126737076153,4.633147
13.132295719844358,4.613939
13.136464702612562,4.604975
13.140633685380767,4.585767
13.144802668148971,4.567839
13.148971650917176,4.539667
13.15314063368538,4.543508
13.157309616453585,4.567839
13.16147859922179,4.61522
13.165647581989994,4.606256
13.169816564758198,4.613939
13.173985547526403,4.628025
13.178154530294607,4.635708
13.182323513062812,4.643392
13.186492495831017,4.429538
13.190661478599221,4.360388
13.194830461367426,4.313007
13.19899944413563,4.187512
13.203168426903835,4.056895
13.20733740967204,4.014637
13.211506392440244,4.006954
13.215675375208448,3.996709
13.219844357976653,3.996709
13.224013340744857,3.990306
13.228182323513062,3.994148
13.232351306281267,3.985184
13.236520289049471,3.980062
13.240689271817676,3.980062
13.24485825458588,3.964695
13.249027237354085,3.969817
13.25319622012229,3.960853
13.257365202890494,3.958292
13.261534185658698,3.955731
13.265703168426903,3.954451
13.269872151195107,3.950609
13.274041133963312,3.958292
13.278210116731517,3.967256
13.282379099499721,3.965976
13.286548082267926,3.969817
13.29071706503613,3.973659
13.294886047804335,3.983903
13.29905503057254,3.981342
13.303224013340744,3.986465
13.307392996108948,3.978781
13.311561978877155,3.965976
13.31573096164536,3.957012
13.319899944413564,3.957012
13.324068927181768,3.945487
13.328237909949973,3.958833
13.332406892718177,3.967797
13.336575875486382,3.962675
13.340744858254586,3.957553
13.344913841022791,3.946028
13.349082823790996,3.958833
13.3532518065592,3.970359
13.357420789327405,3.9742
13.36158977209561,3.981884
13.365758754863814,3.993409
13.369927737632018,3.988286
13.374096720400223,3.983164
13.378265703168427,3.984445
13.382434685936632,3.983164
13.386603668704836,3.975481
13.390772651473041,3.975481
13.394941634241246,3.969078
13.39911061700945,3.969078
13.403279599777655,3.967797
13.40744858254586,3.966517
13.411617565314064,3.965236
13.415786548082268,3.975481
13.419955530850473,3.975481
13.424124513618677,3.94987
13.428293496386882,3.969078
13.432462479155086,3.938344
13.436631461923291,3.979322
13.440800444691495,4.127867
13.4449694274597,4.34044
13.449138410227905,4.403188
13.45330739299611,4.40831
13.457476375764314,4.428799
13.461645358532518,4.446727
13.465814341300723,4.467955
13.469983324068927,4.478199
13.474152306837132,4.485883
13.478321289605336,4.47948
13.482490272373541,4.485883
13.486659255141745,4.483322
13.49082823790995,4.492286
13.494997220678155,4.496128
13.499166203446359,4.50253
13.503335186214564,4.491005
13.507504168982768,4.494847
13.511673151750973,4.494847
13.515842134519177,4.478199
13.520011117287382,4.47948
13.524180100055586,4.484602
13.528349082823791,4.484602
13.532518065591995,4.475638
13.5366870483602,4.482041
13.540856031128405,4.475638
13.545025013896609,4.475638
13.549193996664814,4.406488
13.553362979433018,4.419294
13.557531962201223,4.338619
13.561700944969427,4.428258
13.565869927737632,4.464114
13.570038910505836,4.50253
13.57420789327404,4.448747
13.578376876042245,4.458991
13.58254585881045,4.462833
13.586714841578655,4.557594
13.590883824346859,4.5704
13.595052807115064,4.588328
13.599221789883268,4.580645
13.603390772651473,4.572961
13.607559755419677,4.567839
13.611728738187882,4.598572
13.615897720956086,4.598572
13.62006670372429,4.603694
13.624235686492495,4.598572
13.6284046692607,4.589608
13.632573652028904,4.585767
13.636742634797109,4.578084
13.640911617565314,4.590889
13.645080600333518,4.611378
13.649249583101723,4.599853
13.653418565869927,4.607536
13.657587548638132,4.596011
13.661756531406336,4.59345
13.66592551417454,4.578084
13.670094496942745,4.5704
13.67426347971095,4.566558
13.678432462479154,4.572961
13.682601445247359,4.528141
13.686770428015564,4.389841
13.690939410783768,4.063298
13.695108393551973,4.133729
13.699277376320177,4.38728
13.703446359088382,4.419294
13.707615341856586,4.457711
13.71178432462479,4.478199
13.715953307392995,4.470516
13.7201222901612,4.469236
13.724291272929404,4.491005
13.728460255697609,4.489725
13.732629238465814,4.505091
13.736798221234018,4.515336
13.740967204002223,4.511494
13.745136186770427,4.503811
13.749305169538632,4.507653
13.753474152306836,4.50253
13.75764313507504,4.494847
13.761812117843245,4.497408
13.76598110061145,4.491005
13.770150083379654,4.494847
13.774319066147859,4.491005
13.778488048916063,4.482041
13.782657031684268,4.473077
13.786826014452473,4.469236
13.790994997220677,4.480761
13.795163979988882,4.485883
13.799332962757086,4.450027
13.80350194552529,4.437222
13.807670928293495,4.450027
13.811839911061702,4.442344
13.816008893829906,4.439783
13.82017787659811,4.444905
13.824346859366315,4.43466
13.82851584213452,4.426977
13.832684824902724,4.41033
13.836853807670929,4.40905
13.841022790439133,4.412891
13.845191773207338,4.400085
13.849360755975543,4.411611
13.853529738743747,4.430819
13.857698721511952,4.429538
13.861867704280156,4.418014
13.86603668704836,4.432099
13.870205669816565,4.421855
13.87437465258477,4.452589
13.878543635352974,4.473077
13.882712618121179,4.448747
13.886881600889383,4.450027
13.891050583657588,4.45643
13.895219566425792,4.45515
13.899388549193997,4.460272
13.903557531962202,4.453869
13.907726514730406,4.447466
13.91189549749861,4.438502
13.916064480266815,4.423136
13.92023346303502,4.419294
13.924402445803224,4.403927
13.928571428571429,4.40905
13.932740411339633,4.41033
13.936909394107838,4.415452
13.941078376876042,4.40905
13.945247359644247,4.407769
13.949416342412452,4.392402
13.953585325180656,4.383438
13.95775430794886,4.373194
13.961923290717065,4.374475
13.96609227348527,4.368072
13.970261256253474,4.373194
13.974430239021679,4.366791
13.978599221789883,4.385999
13.982768204558088,4.405208
13.986937187326292,4.398805
13.991106170094497,4.397524
13.995275152862702,4.389841
13.999444135630906,4.371913
14.00361311839911,4.371913
14.007782101167315,4.36551
14.01195108393552,4.371913
14.016120066703724,4.379597
14.020289049471929,4.371913
14.024458032240133,4.36551
14.028627015008338,4.378316
14.032795997776542,4.398805
14.036964980544747,4.392402
14.041133963312951,4.393682
14.045302946081156,4.371913
14.04947192884936,4.352705
14.053640911617565,4.348863
14.05780989438577,4.325813
14.061978877153974,4.31813
14.066147859922179,4.333497
14.070316842690383,4.348863
14.074485825458588,4.348863
14.078654808226792,4.343741
14.082823790994997,4.330935
14.086992773763201,4.337338
14.091161756531406,4.31813
14.09533073929961,4.323252
14.099499722067815,4.324533
14.10366870483602,4.324533
14.107837687604224,4.316849
14.112006670372429,4.31813
14.116175653140633,4.31813
14.120344635908838,4.321971
14.124513618677042,4.327094
14.128682601445247,4.316849
14.132851584213451,4.316849
14.137020566981656,4.306604
14.14118954974986,4.306604
14.145358532518065,4.305324
14.14952751528627,4.304043
14.153696498054474,4.297641
14.157865480822679,4.31813
14.162034463590883,4.320691
14.166203446359088,4.339899
14.170372429127292,4.351424
14.174541411895497,4.360388
14.178710394663701,4.347582
14.182879377431906,4.351424
14.18704836020011,4.357827
14.191217342968315,4.375755
14.19538632573652,4.379597
14.199555308504724,4.382158
14.203724291272929,4.379597
14.207893274041133,4.378316
14.212062256809338,4.382158
14.216231239577542,4.380877
14.220400222345747,4.375755
14.224569205113951,4.368072
14.228738187882156,4.366791
14.23290717065036,4.352705
14.237076153418565,4.347582
14.24124513618677,4.345021
14.245414118954974,4.34118
14.249583101723179,4.330935
14.253752084491383,4.321971
14.257921067259588,4.315568
14.262090050027792,4.31941
14.266259032795997,4.310446
14.270428015564201,4.310446
14.274596998332406,4.315568
14.27876598110061,4.315568
14.282934963868815,4.310446
14.28710394663702,4.305324
14.291272929405224,4.298921
14.295441912173429,4.297641
14.299610894941633,4.298921
14.303779877709838,4.300202
14.307948860478042,4.29508
14.312117843246247,4.289958
14.316286826014453,4.291238
14.320455808782658,4.283555
14.324624791550862,4.287396
14.328793774319067,4.29508
14.332962757087271,4.300202
14.337131739855476,4.298921
14.34130072262368,4.29508
14.345469705391885,4.292519
14.34963868816009,4.292519
14.353807670928294,4.291238
14.357976653696499,4.288677
14.362145636464703,4.293799
14.366314619232908,4.280993
14.370483602001112,4.282274
14.374652584769317,4.27331
14.378821567537521,4.270749
14.382990550305726,4.270749
14.38715953307393,4.269468
14.391328515842135,4.265627
14.39549749861034,4.265627
14.399666481378544,4.260504
14.403835464146749,4.251541
14.408004446914953,4.247699
14.412173429683158,4.238735
14.416342412451362,4.238735
14.420511395219567,4.232332
14.424680377987771,4.231051
14.428849360755976,4.223368
14.43301834352418,4.22721
14.437187326292385,4.222088
14.44135630906059,4.218246
14.445525291828794,4.210563
14.449694274596999,4.210563
14.453863257365203,4.202879
14.458032240133408,4.20416
14.462201222901612,4.197757
14.466370205669817,4.192635
14.470539188438021,4.197757
14.474708171206226,4.197757
14.47887715397443,4.206721
14.483046136742635,4.205441
14.48721511951084,4.211843
14.491384102279044,4.197757
14.495553085047248,4.202879
14.499722067815453,4.195196
14.503891050583658,4.191354
14.508060033351862,4.18111
14.512229016120067,4.186232
14.516397998888271,4.179829
14.520566981656476,4.178549
14.52473596442468,4.175988
14.528904947192885,4.174707
14.53307392996109,4.173426
14.537242912729294,4.169585
14.541411895497498,4.168304
14.545580878265703,4.165743
14.549749861033908,4.163182
14.553918843802112,4.160621
14.558087826570317,4.163182
14.562256809338521,4.155499
14.566425792106726,4.155499
14.57059477487493,4.154218
14.574763757643135,4.156779
14.57893274041134,4.150376
14.583101723179544,4.146534
14.587270705947748,4.143973
14.591439688715953,4.138851
14.595608671484158,4.13629
14.599777654252362,4.128607
14.603946637020567,4.118362
14.608115619788771,4.122204
14.612284602556976,4.111959
14.61645358532518,4.105556
14.620622568093385,4.102995
14.62479155086159,4.096593
14.628960533629794,4.101715
14.633129516397998,4.092751
14.637298499166203,4.105556
14.641467481934408,4.092751
14.645636464702612,4.092751
14.649805447470817,4.096593
14.653974430239021,4.100434
14.658143413007226,4.096593
14.66231239577543,4.097873
14.666481378543635,4.099154
14.67065036131184,4.094032
14.674819344080044,4.095312
14.678988326848248,4.091471
14.683157309616453,4.092751
14.687326292384657,4.091471
14.691495275152862,4.086349
14.695664257921067,4.083787
14.699833240689271,4.078665
14.704002223457476,4.077384
14.70817120622568,4.077384
14.712340188993885,4.079946
14.71650917176209,4.076104
14.720678154530294,4.077384
14.724847137298498,4.074823
14.729016120066703,4.06714
14.733185102834907,4.065859
14.737354085603112,4.058176
14.741523068371317,4.056895
14.745692051139521,4.058176
14.749861033907726,4.037687
14.75403001667593,4.041529
14.758198999444135,4.032565
14.76236798221234,4.031284
14.766536964980544,4.028723
14.770705947748748,4.033845
14.774874930516953,4.032565
14.779043913285157,4.030004
14.783212896053362,4.015917
14.787381878821567,4.017198
14.791550861589771,4.017198
14.795719844357976,4.014637
14.79988882712618,4.015917
14.804057809894385,4.015917
14.80822679266259,4.018478
14.812395775430794,4.019759
14.816564758199,4.027442
14.820733740967205,4.023601
14.82490272373541,4.030004
14.829071706503614,4.035126
14.833240689271818,4.031284
14.837409672040023,4.037687
14.841578654808227,4.038968
14.845747637576432,4.038968
14.849916620344636,4.041529
14.854085603112841,4.036407
14.858254585881046,4.038968
14.86242356864925,4.036407
14.866592551417455,4.033845
14.87076153418566,4.035126
14.874930516953864,4.030004
14.879099499722068,4.02232
14.883268482490273,4.024881
14.887437465258477,4.018478
14.891606448026682,4.009515
14.895775430794886,4.040248
14.899944413563091,4.050493
14.904113396331296,4.050493
14.9082823790995,4.049212
14.912451361867705,4.051773
14.91662034463591,4.059456
14.920789327404114,4.056895
14.924958310172318,4.059456
14.929127292940523,4.054334
14.933296275708727,4.053054
14.937465258476932,4.050493
14.941634241245136,4.055615
14.945803224013341,4.051773
14.949972206781545,4.049212
14.95414118954975,4.047932
14.958310172317955,4.04409
14.962479155086159,4.042809
14.966648137854364,4.041529
14.970817120622568,4.045371
14.974986103390773,4.040248
14.979155086158977,4.038968
14.983324068927182,4.038968
14.987493051695386,4.038968
14.991662034463591,4.032565
14.995831017231795,4.031284
15.0,4.031284
